input/population_1.asc
ncols         173
nrows         126
xllcorner     224227.65281
yllcorner     1039207.04677
cellsize      5000
NODATA_value  -9999
[rows 76 to 113 of 126, columns 0 to 86 of 173]
-9999 -9999 -9999 -9999 -9999 1057 1158 1180 988 768 1095 1350 985 746 1063 1015 2437 1678 1009 1570 2027 3791 1356 885 629 947 861 1523 1102 534 555 366 361 604 869 951 774 575 967 1454 2159 1152 1313 1833 1660 1512 1633 2130 1447 1230 904 934 985 480 341 366 366 357 348 627 2474 1281 483 451 577 708 814 507 494 615 783 685 811 1451 804 711 1839 1712 1177 958 1030 1295 1681 1840 1919 1174 889
-9999 -9999 -9999 -9999 -9999 -9999 -9999 1144 912 1156 1105 1019 1343 811 919 1072 1681 1567 1213 1450 2337 4735 1195 959 1031 1588 1467 1733 1079 558 355 349 451 528 1015 759 522 622 870 1063 1450 1911 1674 1621 1454 1095 1939 2395 1323 1406 1602 1282 664 308 323 377 352 327 386 1488 4566 1589 905 706 623 800 1383 964 848 1040 846 624 1054 2596 855 1083 2163 1285 1413 1286 1108 1664 2410 2178 1301 989 796
-9999 -9999 -9999 -9999 -9999 -9999 -9999 1795 1083 1187 1231 1344 1018 1158 1047 1052 1542 1220 867 892 1408 2330 2995 1074 1745 1608 1541 1274 731 509 398 465 621 902 1096 555 563 1018 1156 1069 1281 2275 2814 3328 2024 1405 2606 1785 1424 3980 2162 1240 978 489 503 631 645 413 610 2557 3041 1912 1123 589 477 455 573 956 691 714 727 740 1336 2001 920 1015 1265 1364 1814 1875 2081 3475 4332 1612 1037 882 815
-9999 -9999 -9999 -9999 -9999 -9999 -9999 921 1284 1358 830 1148 1335 1483 870 990 1319 1940 975 1311 1070 892 2444 2044 2057 2218 1112 685 996 533 742 1063 730 1143 617 564 1259 1872 2511 1798 2535 2062 1958 6948 5452 1499 1897 1629 1165 2471 1986 1257 1111 771 578 653 686 693 1124 1642 2722 1728 815 404 408 557 546 683 633 737 761 967 1547 1538 975 882 912 1091 1065 1419 2093 2379 2029 1407 978 868 950
-9999 -9999 -9999 -9999 -9999 -9999 -9999 705 1382 1165 1094 1462 982 1126 1183 1172 1045 920 720 923 835 653 1181 2994 1930 1410 764 723 720 687 661 724 1510 886 449 635 1213 1627 1859 1625 1902 2411 2567 5673 3763 1342 1062 983 1090 1852 3309 1942 1823 1169 922 1543 1768 1494 2075 1547 1702 1877 862 604 476 480 479 920 1208 855 1145 1226 2445 1520 1247 919 961 881 980 1984 1767 1474 1391 1038 865 915 1040
-9999 -9999 -9999 -9999 -9999 -9999 -9999 501 1262 1504 1696 747 1647 1762 1140 1931 1976 1220 706 985 1219 1158 1247 2229 3641 1218 737 920 2198 3723 1369 745 1348 882 569 927 1564 1600 1403 1250 1496 2517 3036 2774 1660 1180 1013 1024 1855 2143 2239 1557 1369 1169 1247 1851 1624 1948 1327 1448 2425 1582 1076 755 661 715 561 677 1130 988 878 938 1731 1568 902 769 722 672 799 1296 1466 1516 1293 849 845 1051 1113
-9999 -9999 -9999 -9999 -9999 -9999 1001 678 627 883 950 784 805 1169 940 1387 1985 1210 681 783 1071 1454 1187 1386 3129 2628 1449 1094 2692 5377 4343 2094 603 606 695 917 1001 1046 1025 1103 1409 2843 2519 1346 797 776 1506 1382 1486 1209 1042 1159 1497 1104 1394 1161 1162 1856 1426 1758 1769 1318 1502 1000 1001 1029 695 609 1047 1171 899 1070 1166 1493 1060 1004 718 750 795 1031 1506 1441 1245 699 620 1161 1407
-9999 -9999 -9999 -9999 -9999 -9999 980 630 759 805 687 1022 722 965 1091 6076 8701 837 575 722 835 1308 917 1260 1753 3052 3585 1514 5678 6157 9379 7094 2427 638 727 1261 738 752 750 727 1234 1647 1129 1293 958 939 1308 1346 1222 1292 1261 1250 1540 1730 2002 1941 1818 1363 1361 1881 1412 1459 1764 1640 1257 1085 540 553 942 1362 1279 1140 1072 1249 1345 838 924 1000 952 1223 1409 1225 818 764 701 653 934
-9999 -9999 -9999 -9999 -9999 -9999 1116 728 670 739 529 675 700 2300 3541 4067 2230 911 730 711 1063 2222 5057 6386 3388 7574 11351 6323 10744 6258 5463 4197 1637 760 853 1004 855 969 1161 1021 1959 1752 1448 1181 963 834 1043 988 1032 1271 1272 1331 1662 2175 1512 1612 1888 1420 1450 1790 1524 1356 1742 2370 1528 1298 1037 752 718 794 1120 1515 1316 1127 1343 1047 746 752 1134 1013 658 557 646 530 485 556 650
-9999 -9999 -9999 -9999 -9999 346 589 1064 485 774 620 529 608 1423 1552 1527 796 735 841 1166 1075 3221 7489 9501 8736 9721 40627 31747 10406 7737 5291 1152 1061 778 775 864 1139 1531 2115 2153 2471 1114 864 744 644 637 806 828 903 1083 1258 1209 1401 2309 2000 1731 2037 1839 659 1055 1088 424 660 2416 1928 1461 953 562 353 576 802 1473 1499 1156 1175 1687 1215 1176 902 547 476 446 482 423 442 604 738
-9999 -9999 -9999 -9999 309 513 653 829 438 1178 791 989 897 2141 1361 804 954 1112 598 866 1996 4147 6788 7922 8291 28492 57432 57734 29396 11061 9491 5495 7776 1713 1119 1124 1521 1745 1651 1033 833 677 923 1125 683 720 854 1065 1322 1566 2055 1665 1456 2448 2333 1692 1412 683 408 408 559 1498 701 708 1596 1000 525 423 406 337 337 531 1118 1677 1330 1535 1754 1252 736 509 461 439 491 435 581 945 968
-9999 -9999 -9999 -9999 575 582 701 399 410 750 741 1838 956 1021 738 567 556 642 521 659 2168 7364 7395 11837 16191 25019 44761 36919 18793 14397 7726 3923 2769 797 741 803 1203 1423 915 678 587 551 653 770 926 995 1279 1507 1342 1258 1341 2001 1962 4424 3282 2076 1191 843 482 390 498 1522 1461 650 361 469 475 502 620 462 704 805 1986 2035 2683 3787 1782 1189 1188 892 820 579 543 465 601 1343 1756
-9999 -9999 378 803 1729 1074 849 779 1171 744 233 443 1818 1455 907 499 834 1266 1132 1245 1774 7252 6754 4442 6769 11288 14156 4852 4099 3974 5281 3931 1072 1077 1190 1370 1265 1180 1152 911 609 584 654 826 896 861 1366 1240 1098 1194 1480 2190 1984 2210 1647 1968 1210 1184 654 464 511 1396 1497 921 315 476 531 451 520 562 1915 1436 1503 1822 5758 5508 2353 1627 1037 1113 1509 807 741 476 432 585 1107
-9999 1075 846 1658 965 1443 1678 1326 1567 1492 871 1991 1827 1307 674 571 589 753 707 1330 1432 2498 2009 1117 3637 11431 6310 5448 5043 4735 3584 2115 2121 1663 956 873 874 1105 1109 1077 858 684 699 742 706 672 639 879 992 1186 1673 1955 1839 1825 1330 2025 1142 858 632 851 1161 1294 1017 753 471 840 986 695 692 648 529 1007 1337 1303 2080 2030 1358 1187 842 817 1075 1033 667 521 443 502 515
-9999 617 717 740 1705 1716 1540 936 632 342 1854 4877 2694 8054 1638 1201 732 529 907 875 1024 1514 1227 1328 1985 1863 3202 4770 4065 3800 1653 2258 4381 1599 903 771 941 1264 1114 1039 1437 862 939 895 911 790 650 1025 1139 1892 2268 1883 2560 1907 1422 1873 1412 1002 681 494 2011 1032 457 532 630 588 643 497 381 509 833 1321 1742 1142 1583 2178 967 945 1201 856 681 663 1012 739 341 358 -9999
-9999 303 556 727 1042 1777 2226 765 498 595 1668 2423 1866 4999 1689 936 620 1145 1147 956 585 846 1816 2447 1329 903 888 1164 1716 2212 1449 1696 1852 2267 1582 1102 902 1043 1483 1570 1750 1176 754 691 849 910 967 1879 1745 6820 6138 2120 2290 1560 1675 2503 3729 4202 1390 -9999 -9999 -9999 -9999 -9999 -9999 -9999 -9999 -9999 -9999 -9999 -9999 -9999 -9999 -9999 -9999 -9999 -9999 -9999 -9999 -9999 -9999 -9999 -9999 -9999 -9999 -9999 -9999
-9999 373 612 747 921 1023 1844 449 471 518 684 1040 983 946 714 691 572 1065 895 720 696 1188 1906 1335 990 1026 815 973 836 780 946 1415 2160 1846 2220 1915 1529 1491 1946 1506 1629 904 956 966 1317 1055 1212 1524 1853 2229 1589 1416 1906 1403 1766 2564 4204 3017 1228 -9999 -9999 -9999 -9999 -9999 -9999 -9999 -9999 -9999 -9999 -9999 -9999 -9999 -9999 -9999 -9999 -9999 -9999 -9999 -9999 -9999 -9999 -9999 -9999 -9999 -9999 -9999 -9999
-9999 -9999 776 788 822 492 609 685 503 230 245 634 1114 1113 973 1252 853 882 732 1441 1364 1687 1917 1231 1133 1189 874 891 844 890 1230 2092 1806 1381 1737 1703 1456 1353 994 708 564 549 913 762 716 652 995 702 1087 2179 1289 954 992 923 1350 1980 2891 1525 -9999 -9999 -9999 -9999 -9999 -9999 -9999 -9999 -9999 -9999 -9999 -9999 -9999 -9999 -9999 -9999 -9999 -9999 -9999 -9999 -9999 -9999 -9999 -9999 -9999 -9999 -9999 -9999 -9999
-9999 -9999 1043 879 940 836 631 566 473 458 1180 1025 1578 1594 1210 1038 747 1074 1025 2390 1258 2084 1664 1264 1050 970 1492 1434 995 1238 1626 2283 1884 1697 1062 1488 1635 1003 752 601 460 504 809 1143 1282 954 1011 918 660 1486 1146 810 666 787 1197 2112 1549 1353 -9999 -9999 -9999 -9999 -9999 -9999 -9999 -9999 -9999 -9999 -9999 -9999 -9999 -9999 -9999 -9999 -9999 -9999 -9999 -9999 -9999 -9999 -9999 -9999 -9999 -9999 -9999 -9999 -9999
-9999 -9999 761 538 1094 919 905 865 1147 823 430 666 1270 1735 986 485 566 2665 1186 576 856 1225 1177 1482 1422 1021 1462 1403 929 987 1169 1924 2018 1213 1300 1858 1545 943 762 687 781 1363 2556 1741 1497 1453 1818 1273 471 907 772 470 397 556 1051 1284 988 697 -9999 -9999 -9999 -9999 -9999 -9999 -9999 -9999 -9999 -9999 -9999 -9999 -9999 -9999 -9999 -9999 -9999 -9999 -9999 -9999 -9999 -9999 -9999 -9999 -9999 -9999 -9999 -9999 -9999
-9999 899 665 673 950 1518 928 643 846 901 378 391 753 1757 1174 1766 925 3137 1080 914 1944 1471 1091 1103 1191 1981 2269 1515 1392 1656 1475 1780 1319 1500 1534 1784 949 902 1664 1986 2096 2225 3134 2000 1629 1529 1884 769 399 591 604 484 385 486 700 726 861 -9999 -9999 -9999 -9999 -9999 -9999 -9999 -9999 -9999 -9999 -9999 -9999 -9999 -9999 -9999 -9999 -9999 -9999 -9999 -9999 -9999 -9999 -9999 -9999 -9999 -9999 -9999 -9999 -9999 -9999
-9999 1440 1718 709 620 674 838 1526 1554 908 511 511 736 1904 2090 4846 7530 8419 1624 1419 1356 1279 1095 1187 2114 1914 2465 4290 3018 1590 1406 1580 1111 1411 1709 1283 1232 995 1653 2222 2061 1504 2335 2129 1704 1459 1454 635 422 618 706 618 668 697 747 784 936 -9999 -9999 -9999 -9999 -9999 -9999 -9999 -9999 -9999 -9999 -9999 -9999 -9999 -9999 -9999 -9999 -9999 -9999 -9999 -9999 -9999 -9999 -9999 -9999 -9999 -9999 -9999 -9999 -9999 -9999
-9999 1180 1760 928 1539 1049 1461 2224 2662 2168 853 440 653 2165 2685 7676 19315 15603 2437 2480 2037 2535 1633 1719 1658 1286 1332 2152 1959 2288 1758 1207 978 1037 1364 1370 1007 1235 1366 965 888 579 1073 941 1267 856 511 446 475 722 1374 617 774 1193 1278 891 -9999 -9999 -9999 -9999 -9999 -9999 -9999 -9999 -9999 -9999 -9999 -9999 -9999 -9999 -9999 -9999 -9999 -9999 -9999 -9999 -9999 -9999 -9999 -9999 -9999 -9999 -9999 -9999 -9999 -9999 -9999
-9999 710 1154 1978 2249 1223 1173 2347 1896 1970 697 604 1016 2025 2644 4279 4765 3809 2052 2682 2212 2176 1277 1429 1522 1308 1493 1517 1136 1440 2183 1124 1454 1419 1456 1361 909 893 935 855 627 649 936 820 846 561 527 509 602 793 1174 633 574 838 930 838 951 -9999 -9999 -9999 -9999 -9999 -9999 -9999 -9999 -9999 -9999 -9999 -9999 -9999 -9999 -9999 -9999 -9999 -9999 -9999 -9999 -9999 -9999 -9999 -9999 -9999 -9999 -9999 -9999 -9999 -9999
-9999 1057 3094 2207 1889 2060 1277 1200 1339 1174 839 739 1206 1578 1959 3089 4261 2990 1741 2661 1712 1208 1079 1456 1144 1134 1170 1281 974 975 1350 1807 1970 1659 1295 1207 798 965 899 897 805 839 628 901 810 719 911 776 718 912 1141 612 582 675 703 941 1519 -9999 -9999 -9999 -9999 -9999 -9999 -9999 -9999 -9999 -9999 -9999 -9999 -9999 -9999 -9999 -9999 -9999 -9999 -9999 -9999 -9999 -9999 -9999 -9999 -9999 -9999 -9999 -9999 -9999 -9999
-9999 1440 2345 1797 2344 1698 897 890 1546 1102 1042 1819 1372 1844 1378 2469 3690 2286 1398 1614 1400 1062 909 965 1028 1029 1049 1119 888 900 1308 1602 1904 1483 1091 847 809 1090 879 863 657 614 833 861 575 574 725 748 1077 990 1093 848 685 1003 1226 1650 1499 -9999 -9999 -9999 -9999 -9999 -9999 -9999 -9999 -9999 -9999 -9999 -9999 -9999 -9999 -9999 -9999 -9999 -9999 -9999 -9999 -9999 -9999 -9999 -9999 -9999 -9999 -9999 -9999 -9999 -9999
1481 2259 2050 1896 2410 2728 1831 1107 1862 1353 1111 2285 1643 1134 843 1882 3422 2017 2553 1421 1189 1247 1082 915 1253 1204 1047 1056 906 876 1059 1305 1232 2118 1321 976 849 841 787 719 503 570 1035 691 510 481 504 538 919 705 1089 1260 990 956 1200 1946 1564 1075 -9999 -9999 -9999 -9999 -9999 -9999 -9999 -9999 -9999 -9999 -9999 -9999 -9999 -9999 -9999 -9999 -9999 -9999 -9999 -9999 -9999 -9999 -9999 -9999 -9999 -9999 -9999 -9999 -9999
1311 2092 2153 2020 1461 2241 2037 668 1079 756 1722 1235 1015 874 1431 1543 1559 1508 2018 1685 1321 1582 1084 933 1015 1018 1056 1254 1336 966 947 1002 1092 1278 1033 1090 1856 1375 850 636 473 546 809 752 566 498 486 577 954 1045 1267 2028 1405 981 972 1234 1197 1382 1190 678 -9999 -9999 -9999 -9999 -9999 -9999 -9999 -9999 -9999 -9999 -9999 -9999 -9999 -9999 -9999 -9999 -9999 -9999 -9999 -9999 -9999 -9999 -9999 -9999 -9999 -9999 -9999
-9999 1173 2590 1980 1343 1279 915 570 739 613 1366 1357 1782 863 1282 1718 799 1032 1029 1142 1088 1296 972 837 871 902 917 984 1196 1402 1047 1285 1272 905 1048 933 1972 1692 1017 583 630 679 921 883 658 586 538 946 1859 1702 1981 4621 1715 1208 1335 1005 988 1196 1050 -9999 -9999 -9999 -9999 -9999 -9999 -9999 -9999 -9999 -9999 -9999 -9999 -9999 -9999 -9999 -9999 -9999 -9999 -9999 -9999 -9999 -9999 -9999 -9999 -9999 -9999 -9999 -9999
-9999 -9999 1286 2366 1048 739 727 445 495 549 916 1435 1560 2290 1622 937 714 1119 846 661 856 883 795 811 937 985 836 1070 1112 1023 1189 1202 915 917 802 833 1056 1389 946 828 1611 1212 1430 2438 1221 989 780 1031 3157 2599 3382 8970 2596 1083 1229 1009 843 931 -9999 -9999 -9999 -9999 -9999 -9999 -9999 -9999 -9999 -9999 -9999 -9999 -9999 -9999 -9999 -9999 -9999 -9999 -9999 -9999 -9999 -9999 -9999 -9999 -9999 -9999 -9999 -9999 -9999
-9999 -9999 -9999 -9999 -9999 -9999 -9999 -9999 -9999 608 730 1135 2124 9153 1823 793 820 1120 627 520 535 690 709 942 854 1134 889 900 945 1236 1256 1060 925 1081 1023 811 879 877 801 666 1194 1084 1143 2847 1665 987 738 786 968 1817 2550 2156 1475 1153 892 779 487 480 565 -9999 -9999 -9999 -9999 -9999 -9999 -9999 -9999 -9999 -9999 -9999 -9999 -9999 -9999 -9999 -9999 -9999 -9999 -9999 -9999 -9999 -9999 -9999 -9999 -9999 -9999 -9999 -9999
-9999 -9999 -9999 -9999 -9999 -9999 -9999 -9999 -9999 588 942 1674 1977 1208 1208 1092 1171 752 588 486 485 536 559 870 1121 946 1070 1233 1226 945 1045 1010 949 1056 1074 810 736 779 751 589 844 742 738 1351 1793 1086 855 917 1009 1346 1474 1259 1088 1200 973 828 589 516 628 611 -9999 -9999 -9999 -9999 -9999 -9999 -9999 -9999 -9999 -9999 -9999 -9999 -9999 -9999 -9999 -9999 -9999 -9999 -9999 -9999 -9999 -9999 -9999 -9999 -9999 -9999 -9999
-9999 -9999 -9999 -9999 -9999 -9999 -9999 -9999 -9999 592 1176 1545 1302 648 675 791 753 657 604 585 542 462 485 580 830 964 890 800 922 1088 1369 1029 1312 1058 1282 838 712 691 689 549 615 956 966 1217 2026 2033 1498 904 666 680 969 1134 975 588 571 825 1061 1466 1160 552 -9999 -9999 -9999 -9999 -9999 -9999 -9999 -9999 -9999 -9999 -9999 -9999 -9999 -9999 -9999 -9999 -9999 -9999 -9999 -9999 -9999 -9999 -9999 -9999 -9999 -9999 -9999
-9999 -9999 -9999 -9999 -9999 -9999 -9999 -9999 -9999 -9999 1011 680 644 605 757 895 1096 850 762 733 549 459 456 547 892 779 686 654 874 986 788 826 932 841 1187 878 780 917 1390 716 584 1064 933 1056 1704 2107 1091 744 581 475 362 474 523 505 449 635 1820 2526 1656 1037 -9999 -9999 -9999 -9999 -9999 -9999 -9999 -9999 -9999 -9999 -9999 -9999 -9999 -9999 -9999 -9999 -9999 -9999 -9999 -9999 -9999 -9999 -9999 -9999 -9999 -9999 -9999
-9999 -9999 -9999 -9999 -9999 -9999 -9999 -9999 -9999 -9999 355 538 747 803 796 1074 1109 742 768 568 546 508 550 689 1092 759 647 667 794 820 654 604 720 855 1930 1329 1460 1667 1636 883 907 873 813 913 1083 1237 892 792 710 720 521 427 489 425 438 466 1330 1510 1266 815 -9999 -9999 -9999 -9999 -9999 -9999 -9999 -9999 -9999 -9999 -9999 -9999 -9999 -9999 -9999 -9999 -9999 -9999 -9999 -9999 -9999 -9999 -9999 -9999 -9999 -9999 -9999
-9999 -9999 -9999 -9999 -9999 -9999 -9999 -9999 -9999 -9999 -9999 -9999 819 750 788 1111 744 614 585 529 515 586 616 731 1355 819 702 698 754 671 605 589 679 1248 1509 1506 1658 2405 1842 1529 1364 946 737 906 1126 1352 1052 1071 1152 570 424 479 513 421 509 472 1075 1004 733 1043 -9999 -9999 -9999 -9999 -9999 -9999 -9999 -9999 -9999 -9999 -9999 -9999 -9999 -9999 -9999 -9999 -9999 -9999 -9999 -9999 -9999 -9999 -9999 -9999 -9999 -9999 -9999
-9999 -9999 -9999 -9999 -9999 -9999 -9999 -9999 -9999 -9999 -9999 -9999 900 579 555 634 601 828 646 551 651 636 606 703 1134 1124 794 730 870 784 678 622 649 732 1125 1283 1484 1652 1763 1540 1413 1114 715 800 926 1503 989 1048 1468 655 596 628 678 496 503 519 698 791 605 785 -9999 -9999 -9999 -9999 -9999 -9999 -9999 -9999 -9999 -9999 -9999 -9999 -9999 -9999 -9999 -9999 -9999 -9999 -9999 -9999 -9999 -9999 -9999 -9999 -9999 -9999 -9999
-9999 -9999 -9999 -9999 -9999 -9999 -9999 -9999 -9999 -9999 -9999 -9999 605 590 448 414 466 541 847 610 883 853 750 686 794 1052 797 795 820 1065 751 638 614 585 699 1229 1661 1568 1464 1345 1229 1061 696 717 909 1842 1016 893 917 734 687 716 749 637 622 632 694 874 591 694 -9999 -9999 -9999 -9999 -9999 -9999 -9999 -9999 -9999 -9999 -9999 -9999 -9999 -9999 -9999 -9999 -9999 -9999 -9999 -9999 -9999 -9999 -9999 -9999 -9999 -9999 -9999
