input/population_1.asc
ncols         173
nrows         126
xllcorner     224227.65281
yllcorner     1039207.04677
cellsize      5000
NODATA_value  -9999
[rows 38 to 75 of 126, columns 0 to 86 of 173]
-9999 -9999 -9999 -9999 -9999 -9999 -9999 -9999 -9999 -9999 -9999 -9999 -9999 -9999 -9999 -9999 -9999 -9999 -9999 -9999 -9999 -9999 -9999 -9999 -9999 -9999 -9999 -9999 -9999 -9999 -9999 895 1606 1717 1519 1416 1243 772 -9999 -9999 -9999 -9999 -9999 -9999 -9999 -9999 -9999 -9999 -9999 -9999 922 761 351 369 794 903 589 607 634 845 856 729 769 1165 1391 1442 1545 1413 2347 1476 1736 1888 1550 2317 3124 1869 2334 2828 4043 3758 2798 2508 2052 2798 2202 2131 6116
-9999 -9999 -9999 -9999 -9999 -9999 -9999 -9999 -9999 -9999 -9999 -9999 -9999 -9999 -9999 -9999 -9999 -9999 -9999 -9999 -9999 -9999 -9999 -9999 -9999 -9999 -9999 -9999 -9999 -9999 -9999 1231 1551 1347 1328 1335 1182 795 571 -9999 -9999 -9999 -9999 -9999 -9999 -9999 -9999 -9999 -9999 -9999 834 813 410 414 560 695 779 1329 2121 1326 769 678 770 1006 1293 1781 1690 1508 1819 1629 1814 3204 2675 3330 2812 1459 2443 2210 2145 2758 1958 2310 3614 3949 3768 2378 5384
-9999 -9999 -9999 -9999 -9999 -9999 -9999 -9999 -9999 -9999 -9999 -9999 -9999 -9999 -9999 -9999 -9999 -9999 -9999 -9999 -9999 -9999 -9999 -9999 -9999 -9999 -9999 -9999 -9999 918 1319 1428 1887 1122 896 788 1007 602 528 464 -9999 -9999 -9999 -9999 -9999 -9999 1474 730 451 449 782 816 713 572 448 503 638 1055 1515 1434 1454 2245 964 1203 2141 1908 1181 1794 2336 2606 2684 3445 3281 2700 2304 1633 1367 1647 1338 3425 3969 2880 2707 2981 2666 1870 2507
-9999 -9999 -9999 -9999 -9999 -9999 -9999 -9999 -9999 -9999 -9999 -9999 -9999 -9999 -9999 -9999 -9999 -9999 -9999 -9999 -9999 -9999 -9999 -9999 -9999 -9999 -9999 -9999 927 1086 1265 1263 1432 995 770 952 783 547 479 473 510 476 -9999 -9999 -9999 -9999 2906 1084 671 537 637 1071 738 491 507 731 860 982 761 976 1525 2546 1258 2670 1547 1217 1532 2383 6248 11979 2445 2346 2709 2271 2570 2055 1150 2199 2021 4389 4760 3204 2238 2621 3362 3018 2001
-9999 -9999 -9999 -9999 -9999 -9999 -9999 -9999 -9999 -9999 -9999 -9999 -9999 -9999 -9999 -9999 -9999 -9999 -9999 -9999 -9999 -9999 -9999 -9999 -9999 -9999 -9999 336 810 1322 1571 1736 1197 933 812 1063 972 564 486 478 514 571 596 -9999 -9999 -9999 3356 956 482 534 567 1103 1051 775 1058 695 776 629 658 961 1303 761 940 1469 1445 1329 1680 2548 7054 8883 2683 2328 2100 2435 3431 1693 1885 3990 2900 2556 2303 2230 1691 1423 2994 2610 1844
-9999 -9999 -9999 -9999 -9999 -9999 -9999 -9999 -9999 -9999 -9999 -9999 -9999 -9999 -9999 -9999 -9999 -9999 -9999 -9999 -9999 -9999 -9999 -9999 -9999 -9999 911 597 734 1843 2774 1669 984 771 826 819 855 650 499 515 608 607 613 779 1520 1164 2436 796 492 738 612 602 781 1471 1302 837 808 719 1226 2137 1105 867 783 1395 1830 1090 1477 2070 3118 3190 2899 3081 3471 4717 5539 2009 2105 1908 1566 1299 1190 3268 1418 1663 2059 2947 1913
-9999 -9999 -9999 -9999 -9999 -9999 -9999 -9999 -9999 -9999 -9999 -9999 -9999 -9999 -9999 -9999 -9999 -9999 -9999 -9999 -9999 -9999 -9999 -9999 -9999 -9999 -9999 739 946 2190 1840 1696 1531 848 1085 823 862 687 558 529 789 667 725 947 951 1697 3491 1347 1411 1497 698 1064 878 3273 2514 956 1305 1435 1080 817 610 864 1073 2203 1520 1101 1353 1525 1663 2551 2240 2190 2615 2765 4929 3522 1822 1448 1565 1461 1188 1379 1209 1623 2620 3237 2602
-9999 -9999 -9999 -9999 -9999 -9999 -9999 -9999 -9999 -9999 -9999 -9999 -9999 -9999 -9999 -9999 -9999 -9999 -9999 -9999 -9999 -9999 -9999 -9999 -9999 -9999 -9999 592 1193 1586 1238 1131 1473 1059 889 767 701 659 718 527 550 553 655 817 1416 2290 3125 1152 740 776 540 482 904 1782 1559 724 739 966 792 555 614 743 1017 1304 1635 1486 1911 1255 1108 1473 2597 2022 2986 2605 1848 3524 2189 2201 3412 2304 1747 1980 1993 1750 1445 1478 3835
-9999 -9999 -9999 -9999 -9999 -9999 -9999 -9999 -9999 -9999 -9999 -9999 -9999 -9999 -9999 -9999 -9999 -9999 -9999 -9999 -9999 -9999 -9999 -9999 -9999 -9999 -9999 -9999 1628 1638 1244 952 1087 929 1096 693 497 580 872 602 506 505 530 598 790 2241 4554 895 509 548 615 546 1282 846 989 806 725 1522 847 587 747 596 850 1096 1396 1368 1233 1474 1149 1839 2485 6082 2232 2192 3357 3540 3337 2338 2199 2159 2408 4248 3701 3818 2264 1765 3411
-9999 -9999 -9999 -9999 -9999 -9999 -9999 -9999 -9999 -9999 -9999 -9999 -9999 -9999 -9999 -9999 -9999 -9999 -9999 -9999 -9999 -9999 -9999 -9999 -9999 -9999 -9999 -9999 1000 1825 1428 1768 1099 763 814 736 597 575 670 603 538 552 534 412 383 1204 1461 916 707 754 487 520 858 662 660 884 886 893 710 587 601 812 1210 1529 1436 1280 1379 1674 1566 2176 4330 14011 3636 1890 2121 2367 1630 1664 1798 1414 1619 1561 1413 1549 1609 1247 1361
-9999 -9999 -9999 -9999 -9999 -9999 -9999 -9999 -9999 -9999 -9999 -9999 -9999 -9999 -9999 -9999 -9999 -9999 -9999 -9999 -9999 -9999 -9999 -9999 -9999 -9999 -9999 -9999 732 2626 2760 1412 928 793 652 931 935 612 758 992 652 1036 767 257 360 967 2508 997 628 799 525 783 1101 673 614 1192 1333 1072 1815 939 857 1170 1267 1838 2172 1793 3180 5066 1872 1951 2011 2462 2284 2566 1469 2186 1598 1673 1411 1451 1102 1097 1268 1499 1313 959 1356
-9999 -9999 -9999 -9999 -9999 -9999 -9999 -9999 -9999 -9999 -9999 -9999 -9999 -9999 -9999 -9999 -9999 -9999 -9999 -9999 -9999 -9999 -9999 -9999 -9999 -9999 -9999 -9999 730 1802 1646 1510 1043 926 694 746 989 867 1218 1192 1344 1533 670 406 598 564 943 1239 696 723 671 878 859 908 666 973 966 1244 3031 1017 934 1387 950 1119 1455 1711 2092 3081 2119 2129 1305 1660 2258 2435 1865 2413 2475 1867 2430 1846 1183 1226 1262 1160 1562 1026 1029
-9999 -9999 -9999 -9999 -9999 -9999 -9999 -9999 -9999 -9999 -9999 -9999 -9999 -9999 -9999 -9999 -9999 -9999 -9999 -9999 -9999 -9999 -9999 -9999 -9999 -9999 -9999 -9999 358 1169 1017 1027 864 1073 1155 804 984 1263 1148 1574 979 1818 1445 596 1148 928 798 1329 1162 853 2021 1544 1210 1035 856 1346 1349 1040 1169 1348 1291 1119 954 1281 1382 2082 1890 2255 2387 1567 1804 2298 2241 1807 1173 1716 2278 2397 2553 2431 2176 1588 2312 1870 1801 1458 1317
-9999 -9999 -9999 -9999 -9999 -9999 -9999 -9999 -9999 -9999 -9999 -9999 -9999 -9999 -9999 -9999 -9999 -9999 -9999 -9999 -9999 -9999 -9999 -9999 -9999 -9999 -9999 -9999 478 1180 1142 1292 1219 1268 1199 1354 2512 2124 1161 906 557 781 851 563 601 767 1602 1321 789 634 1014 1079 1988 2458 2119 1209 1597 7394 1441 935 1041 1010 912 1359 1733 2172 2240 2096 2269 1978 1609 2315 2356 1933 1407 2217 1540 1819 3604 1689 1896 1626 2135 2412 2871 2267 1643
-9999 -9999 -9999 -9999 -9999 -9999 -9999 -9999 -9999 -9999 -9999 -9999 -9999 -9999 -9999 -9999 -9999 -9999 -9999 -9999 -9999 -9999 -9999 -9999 367 480 -9999 -9999 1063 1363 1164 1192 923 996 1207 1651 7928 2855 1052 679 505 374 297 421 1160 1556 1213 545 600 774 733 639 732 1566 1806 1534 1480 2962 1578 1435 1114 1308 1618 2259 2356 1820 2142 2379 2666 2407 1989 1811 3596 2318 1422 2185 2147 1635 1880 2795 2408 1870 2112 2965 2001 1246 1534
-9999 -9999 -9999 -9999 -9999 -9999 -9999 -9999 -9999 -9999 -9999 -9999 -9999 -9999 -9999 -9999 -9999 -9999 -9999 -9999 -9999 -9999 -9999 672 902 1033 822 736 862 1032 904 895 957 929 1235 1393 1565 1071 859 767 358 239 239 410 1204 1636 1285 628 541 776 805 687 944 840 1072 995 1681 1401 1009 1119 937 1510 2956 2611 1693 1426 1458 2375 3285 2975 1881 2341 3895 3010 1892 1769 4068 2894 4491 8260 2361 1474 1702 1336 2952 3104 2794
-9999 -9999 -9999 -9999 -9999 -9999 -9999 -9999 -9999 -9999 -9999 -9999 -9999 -9999 -9999 -9999 -9999 -9999 -9999 -9999 -9999 -9999 -9999 316 941 701 768 620 721 1118 1038 1270 1508 1753 1060 1422 858 978 504 455 469 255 241 340 1314 1704 1169 737 721 658 1439 2124 1219 859 901 840 959 1005 1007 1306 981 1357 1420 1343 1380 2227 2139 2605 1727 1040 1599 2157 2344 1746 2114 2675 1688 1759 2631 5093 2383 1854 1666 1410 1945 3036 2078
-9999 -9999 -9999 -9999 -9999 -9999 -9999 -9999 -9999 -9999 -9999 -9999 -9999 -9999 -9999 -9999 -9999 -9999 -9999 -9999 -9999 -9999 -9999 -9999 329 714 965 762 615 736 935 1061 1126 1090 962 667 441 670 275 262 495 384 320 540 1498 1584 868 668 1702 1458 1835 1941 1087 923 884 1128 844 1156 1657 931 1120 1129 1283 1935 1571 1731 621 639 1081 1815 1457 1293 1504 1532 2336 2813 3247 2111 3333 3335 2772 2328 1736 931 1125 1136 2145
-9999 -9999 -9999 -9999 -9999 -9999 -9999 -9999 -9999 -9999 -9999 -9999 -9999 -9999 -9999 -9999 -9999 -9999 -9999 -9999 -9999 -9999 -9999 -9999 -9999 1110 1057 854 762 689 904 1219 828 901 753 583 486 555 349 283 329 426 539 1108 1415 1665 1469 763 879 780 853 888 1164 1308 1155 891 934 1293 1588 851 1176 1504 1715 2438 1551 1468 731 714 965 775 832 1441 2058 2708 2833 2848 2450 1920 3301 3995 1299 2752 2260 856 1031 1446 2520
-9999 -9999 -9999 -9999 -9999 -9999 -9999 -9999 -9999 -9999 -9999 -9999 -9999 -9999 -9999 -9999 -9999 -9999 -9999 -9999 -9999 -9999 -9999 -9999 337 958 697 712 598 615 745 1263 848 738 626 622 865 1076 660 532 635 848 808 2809 3939 7468 2137 962 460 414 436 531 1207 1085 902 773 817 1024 1053 941 1120 1533 1917 1642 1279 1444 961 737 1008 1805 1590 2257 2953 2856 1921 1521 1610 2989 1902 1226 1146 1706 2159 1421 1079 1547 23201
-9999 -9999 -9999 -9999 -9999 -9999 -9999 -9999 -9999 -9999 -9999 -9999 -9999 -9999 -9999 -9999 -9999 -9999 -9999 -9999 -9999 -9999 -9999 -9999 891 1136 651 631 521 663 981 1467 1011 912 776 660 1154 1621 1074 1041 1322 712 728 1461 5693 14094 2722 1297 501 408 389 597 622 977 1220 807 759 730 755 1125 1715 1550 2078 2758 2881 2080 1714 2459 2801 5511 4516 2578 2708 2293 3599 3392 3282 1824 2759 1719 1396 1562 1789 2936 3137 35906 139452
-9999 -9999 -9999 -9999 -9999 -9999 -9999 -9999 -9999 -9999 -9999 -9999 -9999 -9999 -9999 -9999 -9999 -9999 -9999 -9999 -9999 -9999 -9999 -9999 1250 1227 980 534 550 818 1463 1629 1290 1326 938 862 977 2744 1498 413 764 786 712 1523 1647 1700 1595 2020 1135 573 414 436 455 682 1168 1206 1077 910 768 1277 1607 2136 1881 2151 4074 2671 2183 2569 2474 2885 4320 2834 2374 2487 3245 4351 2508 1869 3259 2231 1679 2053 2551 1950 32347 132036 197239
-9999 -9999 -9999 -9999 -9999 -9999 -9999 -9999 -9999 -9999 -9999 -9999 -9999 -9999 -9999 -9999 -9999 -9999 -9999 -9999 -9999 -9999 -9999 -9999 639 649 1071 936 923 1360 1797 1321 1763 2250 1966 1257 1074 1563 1031 537 887 818 945 1458 1159 947 984 1228 2073 1717 936 556 531 475 879 951 1349 927 724 1354 1844 2680 2878 3289 2478 2803 3432 2291 2814 3094 4832 3305 3423 4409 4854 4923 1493 3183 1799 1310 1149 1446 3021 2242 53601 150277 206607
-9999 -9999 -9999 -9999 -9999 -9999 -9999 -9999 -9999 -9999 -9999 -9999 -9999 -9999 -9999 -9999 -9999 -9999 -9999 -9999 -9999 -9999 -9999 272 430 1129 659 726 811 675 1164 1183 1057 1494 1682 1113 965 825 732 621 841 875 1130 1668 1047 904 890 1137 1427 1237 1424 1548 995 594 529 529 552 833 1156 893 639 669 1252 2555 2300 3060 9253 5672 4275 5435 5995 4676 3735 4033 2971 2138 1519 2131 1285 1422 2067 1818 3819 5023 42086 125794 169152
-9999 -9999 -9999 -9999 -9999 -9999 -9999 -9999 -9999 -9999 -9999 -9999 -9999 -9999 -9999 -9999 -9999 -9999 -9999 -9999 -9999 -9999 186 463 459 717 565 708 908 891 2122 2244 1251 1131 1752 1662 1014 685 608 662 726 945 2029 1754 1507 1040 744 1098 1217 1114 1421 1457 1273 3570 1007 1043 646 758 737 533 448 453 1100 2263 4306 2574 3794 3078 14977 20997 9923 5694 4200 4256 2666 3227 2370 1445 1172 1587 2189 2507 5477 8587 2634 18377 43323
-9999 -9999 -9999 -9999 -9999 -9999 -9999 -9999 -9999 -9999 -9999 -9999 -9999 -9999 -9999 -9999 -9999 -9999 -9999 -9999 -9999 153 412 482 510 469 722 1465 924 1167 1423 2193 1619 1455 3084 4107 1196 758 563 806 753 850 2084 1469 1276 787 606 834 1609 1158 1400 1703 901 1317 720 820 1037 935 1180 1206 615 523 776 1117 1733 1952 3893 5750 15563 15761 6564 5045 2959 3200 4605 4058 3483 2281 2211 3180 3646 2750 3837 2469 2212 6651 7746
-9999 -9999 -9999 -9999 -9999 -9999 -9999 -9999 -9999 -9999 -9999 -9999 -9999 -9999 -9999 -9999 -9999 -9999 -9999 -9999 -9999 317 383 483 379 464 969 959 1038 1295 1443 8084 3668 1511 1488 1352 1060 728 690 827 784 1077 1507 813 944 736 633 854 1196 1480 1739 1570 1086 886 712 772 721 710 756 1165 1030 1044 1405 2016 2297 2215 2031 3331 3288 3263 2628 3396 2651 3450 3208 3665 4861 3494 3133 5465 3897 2446 1818 1817 3043 4463 5615
-9999 -9999 -9999 -9999 -9999 -9999 -9999 -9999 -9999 -9999 -9999 -9999 -9999 -9999 -9999 -9999 -9999 -9999 -9999 -9999 -9999 322 319 529 330 852 1914 891 965 1433 2408 1977 1886 1296 1705 1106 883 752 711 759 1139 1156 890 726 669 680 803 933 944 1581 3354 1519 1278 996 779 776 657 418 417 469 654 985 1204 1762 1644 1339 1245 1736 2502 2100 2176 2356 2027 2094 2938 3459 2580 1760 1462 1585 1527 2214 1772 3032 3592 3411 2647
-9999 -9999 -9999 -9999 -9999 -9999 -9999 -9999 -9999 -9999 -9999 -9999 -9999 -9999 -9999 -9999 -9999 -9999 -9999 170 526 715 1336 695 550 2074 2091 1311 1633 3716 2643 2241 1692 1231 1826 1059 973 794 688 851 2796 1358 917 836 709 879 1101 1227 1213 1444 1726 1228 1205 1090 858 1138 908 452 397 387 471 981 943 1192 1287 1660 1574 1008 915 1504 1490 2961 2562 2645 3207 2635 1891 1477 1211 1807 1771 1288 1431 3299 2735 1587 2675
-9999 -9999 -9999 -9999 -9999 -9999 -9999 -9999 -9999 -9999 -9999 -9999 -9999 -9999 -9999 -9999 -9999 -9999 2327 4011 2415 2527 1679 916 1035 1999 2888 2720 2869 3050 4261 1808 1326 1370 1388 883 1093 851 706 910 1430 1256 885 766 804 1162 1503 1346 1295 1129 801 959 1176 1110 1133 927 712 675 490 418 479 921 548 774 1553 2503 1468 849 934 2208 2674 3953 5619 2861 3270 3570 1708 1476 1368 1291 1387 963 1061 1508 1178 2133 1857
-9999 -9999 -9999 -9999 -9999 -9999 -9999 -9999 -9999 -9999 -9999 -9999 240 443 561 665 501 885 869 1456 2625 2786 1306 1070 1007 2286 2755 3177 2089 1288 1550 1625 1204 1347 662 1080 1636 1482 873 1123 1071 1172 934 931 906 1934 4129 1811 1421 1433 1290 1032 1547 1208 1183 1103 1379 1400 666 434 482 1002 558 839 1427 1315 1188 1043 2437 3106 2213 2542 3645 3089 4780 3617 1020 940 1012 1394 1830 1168 901 1126 870 1048 1676
-9999 -9999 -9999 -9999 -9999 -9999 -9999 -9999 552 1058 723 590 721 849 984 1198 1169 1113 591 587 1387 2024 802 1151 1636 1621 2783 2490 1637 2148 1367 1342 1144 941 800 1548 1425 1954 1186 2018 1401 961 924 1202 1361 2419 3799 1613 1428 1900 1365 999 1135 893 1464 955 955 1248 624 546 682 892 547 703 1405 2817 1937 1725 2995 3080 2138 4698 6234 3724 1769 781 972 754 1032 1154 1459 1390 811 746 771 1156 1963
-9999 -9999 -9999 -9999 -9999 -9999 -9999 407 991 949 929 1142 1142 1108 641 1237 1067 1073 789 564 1257 2156 1898 1624 1493 2503 3782 1592 1580 1808 988 1064 1063 598 1286 1086 1131 1217 1251 1535 1417 1115 932 976 1276 1617 2071 1434 1182 1510 1758 1002 1385 839 1034 1622 1553 1584 1294 489 540 730 855 718 1163 3893 2885 1575 1431 1170 1051 1419 1668 2042 1568 826 1228 1043 1429 1331 1534 1379 700 704 1057 1544 1403
-9999 -9999 -9999 -9999 -9999 -9999 507 1043 1004 1273 531 724 1130 1182 1455 1735 1282 1398 753 842 1284 1171 2020 1530 1703 1859 1907 1519 1665 1072 867 1517 1432 665 855 1067 1322 1231 2431 1834 1239 1689 1190 957 1164 1301 1000 1286 1119 1379 1782 1403 1361 1213 1059 2236 1903 1096 1051 493 405 710 994 961 1002 1341 1502 696 826 595 526 651 1508 2177 1493 966 1052 1064 1410 1542 1519 1411 1197 932 1356 1423 1136
-9999 -9999 -9999 258 632 823 1354 1352 903 899 817 1005 777 1439 1748 1749 1054 1444 1078 835 1218 1018 1429 1554 2125 2080 2054 1358 1612 1725 1140 1381 769 960 670 789 946 1541 1972 1214 1226 1072 1169 1716 1659 1563 1001 1243 1332 1751 1299 1165 894 854 1443 2030 2137 1620 966 746 881 1031 1851 1337 646 674 682 489 456 412 420 499 906 1107 1264 1201 1186 1016 1106 1162 1411 1555 1797 1328 1606 1548 1099
-9999 -9999 -9999 -9999 -9999 309 1485 1675 688 842 1105 1252 758 977 860 2934 1418 1570 1398 855 718 723 1193 2283 1221 1837 2642 1397 1157 2018 1522 1208 531 696 676 691 1005 1894 1096 942 951 871 953 1158 1594 1132 1198 1316 2401 2535 1084 1330 1332 657 644 746 3015 2086 1078 925 1675 1775 899 677 580 604 509 610 578 439 428 483 525 651 804 957 1097 1059 1194 1367 1719 1554 1537 1114 1137 1833 808
-9999 -9999 -9999 -9999 -9999 -9999 1023 621 557 826 806 1014 1420 1129 961 1734 1485 1380 1228 1291 1397 1204 2426 1716 573 543 1416 1098 1006 1801 877 543 481 639 617 678 786 1009 731 801 818 944 1083 906 1100 995 852 917 3460 2627 1331 1086 1259 641 697 1523 2596 1214 430 413 864 753 446 666 740 887 447 581 740 491 685 564 675 910 845 905 1384 1583 1165 1173 1317 1353 1492 1150 1069 1304 849
-9999 -9999 -9999 -9999 -9999 -9999 951 693 675 888 731 913 977 831 717 1266 970 1163 852 1203 1182 2120 1121 789 505 754 974 1431 1068 943 465 415 391 527 455 581 744 762 977 1079 1254 1161 1074 1684 1898 2180 1516 1292 1064 1338 1089 1405 1573 1226 552 857 971 472 355 391 2606 1318 439 675 755 533 488 557 554 561 655 918 809 977 831 889 1400 2070 887 920 1146 1264 1571 1458 1584 1409 892
