input/bfa/bfa_travel.asc
ncols         173
nrows         126
xllcorner     224227.65281
yllcorner     1039207.04677
cellsize      5000
NODATA_value  -9999
[rows 0 to 33 of 126, columns 75 to 149 of 173]
-9999 -9999 -9999 -9999 -9999 -9999 -9999 -9999 -9999 -9999 -9999 -9999 -9999 -9999 -9999 -9999 -9999 -9999 -9999 -9999 -9999 -9999 -9999 -9999 -9999 -9999 -9999 -9999 -9999 289.9131 303.04 275.96 285.84 269.48 239.92 -9999 -9999 -9999 275 290.8 -9999 -9999 -9999 -9999 -9999 -9999 -9999 -9999 -9999 -9999 -9999 -9999 -9999 -9999 -9999 -9999 -9999 -9999 -9999 -9999 -9999 -9999 -9999 -9999 -9999 -9999 -9999 -9999 -9999 -9999 -9999 -9999 -9999 -9999 -9999
-9999 -9999 -9999 -9999 -9999 -9999 -9999 -9999 -9999 -9999 -9999 -9999 -9999 -9999 -9999 -9999 -9999 -9999 -9999 -9999 -9999 -9999 -9999 -9999 -9999 -9999 -9999 397.9412 343.88 290.72 261.72 252.52 264.2 255.2 235.2 220.32 -9999 219.9091 207.12 205.68 182.68 198.4 169.5909 -9999 -9999 -9999 -9999 -9999 -9999 -9999 -9999 -9999 -9999 -9999 -9999 -9999 -9999 -9999 -9999 -9999 -9999 -9999 -9999 -9999 -9999 -9999 -9999 -9999 -9999 -9999 -9999 -9999 -9999 -9999 -9999
-9999 -9999 -9999 -9999 -9999 -9999 -9999 -9999 -9999 -9999 -9999 -9999 -9999 -9999 -9999 -9999 -9999 -9999 -9999 -9999 -9999 -9999 -9999 -9999 -9999 -9999 395.2667 365.56 335.84 302.56 264 239.8 267 260.48 223.88 251.56 234.2 211.56 214.12 195.28 178.16 151.64 139.76 131.8 118.64 124.36 89.95 152.6522 233.84 300.8333 -9999 -9999 -9999 -9999 -9999 -9999 -9999 -9999 -9999 -9999 -9999 -9999 -9999 -9999 -9999 -9999 -9999 -9999 -9999 -9999 -9999 -9999 -9999 -9999 -9999
-9999 -9999 -9999 -9999 -9999 -9999 -9999 -9999 -9999 -9999 -9999 -9999 -9999 -9999 -9999 -9999 -9999 -9999 -9999 -9999 -9999 -9999 -9999 -9999 -9999 444.75 414.84 393.44 370.56 340.72 292.68 239.76 230.44 234.56 203.84 249.8 287.68 273.24 273.12 234.24 176.8 152.68 157.6 133.72 121.08 93.56 84.28 121.96 196.36 248.96 -9999 -9999 -9999 -9999 -9999 -9999 -9999 -9999 -9999 -9999 -9999 -9999 -9999 -9999 -9999 -9999 -9999 -9999 -9999 -9999 -9999 -9999 -9999 -9999 -9999
-9999 -9999 -9999 -9999 -9999 -9999 -9999 -9999 -9999 -9999 -9999 -9999 -9999 -9999 -9999 -9999 -9999 -9999 -9999 -9999 -9999 -9999 -9999 -9999 435.8182 396.32 371.24 361.52 377.2 364.04 319.16 265.88 216.64 199.4 193.8 232.68 279.6 305.4 319.44 264.32 193 131.76 144.8 167.44 163.44 109.04 90.12 148.36 162.44 -9999 -9999 -9999 -9999 -9999 -9999 -9999 -9999 -9999 -9999 -9999 -9999 -9999 -9999 -9999 -9999 -9999 -9999 -9999 -9999 -9999 -9999 -9999 -9999 -9999 -9999
-9999 -9999 -9999 -9999 -9999 -9999 -9999 -9999 -9999 -9999 -9999 -9999 -9999 -9999 -9999 -9999 -9999 -9999 -9999 -9999 -9999 -9999 -9999 458.2727 409.32 348.92 313.32 302.68 317.72 308.08 295.16 280.24 248.84 192.6 174.36 192.88 214.56 266.72 279.52 255.2 209.52 130.92 148.6 207.28 158.48 90 87.08 158.04 208.2 -9999 -9999 -9999 -9999 -9999 -9999 -9999 -9999 -9999 -9999 -9999 -9999 -9999 -9999 -9999 -9999 -9999 -9999 -9999 -9999 -9999 -9999 -9999 -9999 -9999 -9999
-9999 -9999 -9999 -9999 -9999 -9999 -9999 -9999 -9999 -9999 -9999 -9999 -9999 -9999 -9999 -9999 -9999 -9999 -9999 -9999 -9999 504.1818 461.625 420.08 366.4 314.92 259.24 234.08 252.8 244.48 229.4 227.96 236.28 188.04 157.8 156.36 178.24 230.68 218.6 191.4 184.96 125.76 128.52 186.4 150.68 81.28 80.84 141.84 211.88 251.875 -9999 -9999 -9999 -9999 -9999 -9999 -9999 -9999 -9999 -9999 -9999 -9999 -9999 -9999 -9999 -9999 -9999 -9999 -9999 -9999 -9999 -9999 -9999 -9999 -9999
-9999 -9999 -9999 -9999 -9999 -9999 -9999 -9999 -9999 -9999 -9999 -9999 -9999 -9999 -9999 -9999 -9999 -9999 353.0588 400.6087 463.16 475.28 427.4 374.96 328.44 277.48 225.52 188.08 202.44 201.08 178.92 184.48 193.4 186.96 142.4 135.32 161.88 213.88 185.12 138.68 134.6 109.2 110.96 171.72 140.36 72.68 98.36 151.8 176.12 193.96 -9999 -9999 -9999 -9999 -9999 -9999 -9999 -9999 -9999 -9999 -9999 -9999 -9999 -9999 -9999 -9999 -9999 -9999 -9999 -9999 -9999 -9999 -9999 -9999 -9999
-9999 -9999 -9999 -9999 -9999 -9999 -9999 -9999 -9999 -9999 -9999 -9999 -9999 -9999 -9999 -9999 257.3913 313.4 363.4 419.16 434.6 415.4 393.04 343.84 275.76 222.68 190.6 168.52 184.92 164.92 159.64 165.8 155.2 144.44 129.44 120.08 165.04 200.2 172.16 136 127.4 102.16 101.2 158.64 131.32 73.44 77.4 101.8 108.72 125.5 -9999 -9999 -9999 -9999 -9999 -9999 -9999 -9999 -9999 -9999 -9999 -9999 -9999 -9999 -9999 -9999 -9999 -9999 -9999 -9999 -9999 -9999 -9999 -9999 -9999
-9999 -9999 -9999 -9999 -9999 -9999 -9999 -9999 -9999 -9999 -9999 -9999 -9999 -9999 156.1333 186.08 246.16 308.8 359.64 403.52 361.88 336.08 323.4 307.36 247.24 199.04 194.32 180.08 150.04 143.08 143.56 167.08 171.32 142.92 130.04 115.92 114.92 144.32 128.64 134.4 144.28 87.88 107.24 124.08 85.88 55.6 64.08 74.68 73.96 -9999 -9999 -9999 -9999 -9999 -9999 -9999 -9999 -9999 -9999 -9999 -9999 -9999 -9999 -9999 -9999 -9999 -9999 -9999 -9999 -9999 -9999 -9999 -9999 -9999 -9999
-9999 -9999 -9999 -9999 -9999 -9999 -9999 -9999 -9999 -9999 -9999 -9999 -9999 195.9583 143 178.32 239.84 313.24 361.56 372.24 314.6 275.32 261.4 253.76 257.08 247.24 240.6 207.08 152.68 124.4 144.04 200.96 202.72 156.92 151.64 141.6 106.84 99.88 109.24 145.4 134.8 79.12 95 78.2 54.88 79.44 105.8 151.56 144.25 -9999 -9999 -9999 -9999 -9999 -9999 -9999 -9999 -9999 -9999 -9999 -9999 -9999 -9999 -9999 -9999 -9999 -9999 -9999 -9999 -9999 -9999 -9999 -9999 -9999 -9999
-9999 -9999 -9999 -9999 -9999 -9999 -9999 -9999 -9999 -9999 -9999 277.5294 234.12 179.2 134.44 167.64 232.48 309.92 324.8 303 271.92 216.96 185.4 179.68 208.68 247.44 232 182.16 143.92 115.04 138.96 205.6 229.68 194.12 154.88 162.84 125.44 81.56 104.04 102.68 113.12 73.64 62.08 49.2 61.4 110.64 159.56 212.36 224.9 -9999 -9999 -9999 -9999 -9999 -9999 -9999 -9999 -9999 -9999 -9999 -9999 -9999 -9999 -9999 -9999 -9999 -9999 -9999 -9999 -9999 -9999 -9999 -9999 -9999 -9999
-9999 -9999 -9999 -9999 -9999 -9999 -9999 -9999 -9999 194.0909 249.25 219.08 195.08 153 128.6 183.92 246.08 279.92 250.72 224.52 219 185.52 126.16 111.88 156.84 188.88 175.36 149.4 100.36 96.4 113.32 172.52 220.16 230.76 200.64 199.68 160.88 109.2 71.4 55.56 64.36 49.64 45.12 52.24 64.84 115.52 175.68 209.48 193.8333 -9999 -9999 -9999 -9999 -9999 -9999 -9999 -9999 -9999 -9999 -9999 -9999 -9999 -9999 -9999 -9999 -9999 -9999 -9999 -9999 -9999 -9999 -9999 -9999 -9999 -9999
-9999 -9999 -9999 56.86666 51.875 109.5333 -9999 151.7059 167.4167 166.52 209.88 169.88 145.24 123.92 128.4 189.28 246.32 222.12 196.52 164.56 163.84 180.68 120.56 81.92 104.6 116.4 109.08 93.2 73.6 74 88.68 130.84 191.04 202.04 172.76 168.84 166.64 135.32 99.2 51.4 38.12 49.52 72.08 87.92 76.96 107 145.36 150.2 117.24 -9999 -9999 -9999 -9999 -9999 -9999 -9999 -9999 -9999 -9999 -9999 -9999 -9999 -9999 -9999 -9999 -9999 -9999 -9999 -9999 -9999 -9999 -9999 -9999 -9999 -9999
-9999 -9999 128.3636 79.84 45.04 93.8 144.64 133.72 140.32 172.36 163.04 134.16 123.52 103.84 112.08 169.4 192.88 148.76 129.04 124.12 120.28 140.36 107.64 72.48 88.8 99.08 125.16 116.52 63.12 67.64 87.24 125.36 171.4 161.32 116.4 103.64 101.72 76.52 53.16 43.84 39.28 48.96 87.72 104.72 77.2 98.28 92.44 91.96 79.88 49.45833 -9999 -9999 -9999 -9999 -9999 -9999 -9999 -9999 -9999 -9999 -9999 -9999 -9999 -9999 -9999 -9999 -9999 -9999 -9999 -9999 -9999 -9999 -9999 -9999 -9999
-9999 -9999 172.4667 110.04 51.28 60.84 118.28 114.28 135.76 175.32 149.24 127.2 110.64 97.96 104.64 160.12 144.32 107.32 116 160.96 145.32 100.08 87.36 58.76 72.48 79.56 111.68 120.64 51.28 59 108.04 112.2 112.8 104.36 94.48 56.6 47.64 49 66.12 92.56 83.68 42.92 37.92 51.76 55.2 64.44 68.64 61.24 45.68 35 44.44 -9999 -9999 -9999 -9999 -9999 -9999 -9999 -9999 -9999 -9999 -9999 -9999 -9999 -9999 -9999 -9999 -9999 -9999 -9999 -9999 -9999 -9999 -9999 -9999
-9999 -9999 179.4667 120.88 60.48 48.76 107.36 111.28 104.88 139.32 176.68 144.6 91.4 84.24 102.16 131.48 99.12 92.72 111.16 155.76 158 89.2 69.52 49.64 50.04 46.24 72.96 85.48 47.32 30.32 51.48 50.08 47.68 42.6 45.8 40.52 55.12 112.72 140.52 170.56 145.2 82.8 32.96 62.76 65.12 99.72 77.4 57.8 36.68 59.96 75.48 79.32 -9999 -9999 -9999 -9999 -9999 -9999 -9999 -9999 -9999 -9999 -9999 -9999 -9999 -9999 -9999 -9999 -9999 -9999 -9999 -9999 -9999 -9999 -9999
-9999 -9999 147.5294 120.48 64.84 38.08 91.64 99.96 75.84 94.28 129.88 126.56 100.72 64.68 85.24 84.04 83.16 95.96 125.84 187.04 165.64 95.32 63.96 76.84 34.28 36.88 37.44 23.2 19.36 27.88 38.32 44.68 58.16 66.56 69.48 83.28 99.92 142.88 192.32 216 168.6 103.84 41.16 32.2 54.56 91.36 54.84 44.76 34.28 82.92 138.2 153.44 149.16 -9999 -9999 -9999 -9999 -9999 -9999 -9999 -9999 -9999 -9999 -9999 -9999 -9999 -9999 -9999 -9999 -9999 -9999 -9999 -9999 -9999 -9999
-9999 -9999 89.55 85.08 62.6 30.72 81.36 111.24 73.28 56.52 89.16 79.16 63.2 57.6 93.48 67.96 115.6 134.6 152.08 187 161.72 95.32 51.16 86.76 55.4 21.48 8.36 20.68 57.92 80.96 102 108.2 121.64 126.56 127.76 141.12 156.92 187.28 225.92 238.32 188.32 124.44 63.48 19.88 62.52 69.48 26.96 28.88 62.88 108.8 172.96 215.24 229.6 -9999 -9999 -9999 -9999 -9999 -9999 -9999 -9999 -9999 -9999 -9999 -9999 -9999 -9999 -9999 -9999 -9999 -9999 -9999 -9999 -9999 -9999
-9999 -9999 49.15 41.52 31.12 30.72 80.04 120.44 85.44 38.68 55.28 36.56 58.68 82.48 86.28 56.8 103.44 89.52 112.2 131.76 116.24 76.08 33.92 46.24 29.48 12.12 12.08 9.52 20.48 37.36 64.6 90.2 127.56 152.92 172.56 202.44 219.28 219.16 208.28 196.8 173.96 139.24 84.2 23.32 44.76 40.64 29.56 65.92 117.76 151.16 205.36 238.32 228.44 -9999 -9999 -9999 -9999 -9999 -9999 -9999 -9999 -9999 -9999 -9999 -9999 -9999 -9999 -9999 -9999 -9999 -9999 -9999 -9999 -9999 -9999
97.78571 74.52174 82.32 60.64 65.92 26.36 32.6 72.44 71.08 28 21.84 40.96 96.76 113.28 64.72 48.8 92.16 57.28 81.16 73.4 47.92 33.12 23.16 24.56 33.2 53.44 35.96 61.52 38.84 28.12 22.6 35.28 73.88 98.12 134.16 189.48 191.48 163 148.48 142.48 114.6 97.36 86 25.12 33.36 19.56 48.6 105 141.24 171.4 200.08 200.44 166.12 -9999 -9999 -9999 -9999 -9999 -9999 -9999 -9999 -9999 -9999 -9999 -9999 -9999 -9999 -9999 -9999 -9999 -9999 -9999 -9999 -9999 -9999
99.6 91.4 126.76 94.72 81.04 61.96 22.68 26.16 22.2 16.6 8.4 34.4 63.84 70.16 51.68 32.88 54.8 40.44 42.76 31.44 41.16 61.76 72.44 81.36 95.88 96.28 53.64 75.16 55.8 56.92 60.76 31.08 28.28 45.48 101.16 147.16 146.2 99.68 78.24 78.6 51.56 29.64 44.68 23.52 20 17.52 66.68 75.4 86.28 115 133.4 137.44 109 -9999 -9999 -9999 -9999 -9999 -9999 -9999 -9999 -9999 -9999 -9999 -9999 -9999 -9999 -9999 -9999 -9999 -9999 -9999 -9999 -9999 -9999
121.8 134.56 147.96 105.04 92.48 105.48 74.12 42.16 26.24 7.44 13.8 18.88 16.52 17.72 24.8 34.8 38.92 36.76 51.04 69.6 95.16 117.2 131.8 140.68 146.76 112 65.84 95.32 72.52 75.32 111.72 83.04 43.8 32.76 64.56 79.76 98.04 67.04 35.88 34.16 20.84 20.76 17.56 13.56 7.52 25.08 35.04 18.76 27.16 46.6 61.88 72.16 61.2 -9999 -9999 -9999 -9999 -9999 -9999 -9999 -9999 -9999 -9999 -9999 -9999 -9999 -9999 -9999 -9999 -9999 -9999 -9999 -9999 -9999 -9999
99.92 160.04 165.68 135.84 122.32 102 66.48 32.28 15.24 20.04 42.12 36.16 54.16 38.08 40.76 74.52 82.48 56.52 102.6 133.72 160.52 184.64 201.12 178.12 131.08 111.2 79.32 105.28 97.04 98.72 137.16 83.12 65.68 62.36 42.52 42.12 38.32 36.92 33.48 52 57.84 72.6 77.92 34.36 5.92 4.36 10.16 26.72 31.96 41.92 33.04 29.56 50.84 47.44 -9999 -9999 -9999 -9999 -9999 -9999 -9999 -9999 -9999 -9999 -9999 -9999 -9999 -9999 -9999 -9999 -9999 -9999 -9999 -9999 -9999
90.68 144.16 158.2 130.32 105.2 56.08 36.56 32.28 16.44 30.96 73.4 61.44 74.68 96.2 58.44 49.76 85.72 80.76 98.68 158.92 216.28 245.72 249.24 188.08 126.56 98.16 104.76 138.52 96.88 98.48 103.32 83.92 104.96 87.64 69.16 97.24 83.84 79.16 85.44 109.52 118.8 132.56 113.92 53.64 10.64 26.52 16.8 47.04 86.24 70.4 59.28 40.88 56.84 79.32 119.96 -9999 -9999 -9999 -9999 -9999 -9999 -9999 -9999 -9999 -9999 -9999 -9999 -9999 -9999 -9999 -9999 -9999 -9999 -9999 -9999
74.36 118.56 96.44 67.64 62.6 59.28 38.12 22.36 38.68 28.6 85.04 108.4 102.08 135 105.88 76.24 62.92 78.72 110.84 163.68 211.12 239 258.84 202.08 142.24 126.64 140.76 168.6 119.4 111.84 112 124.28 150.12 107.36 78.8 128.72 143.08 138.44 145.2 168.28 180 164.84 103.12 37.56 35.56 71.76 44.96 31 85.48 114.12 97.92 96.12 114.12 155.04 199.96 -9999 -9999 -9999 -9999 -9999 -9999 -9999 -9999 -9999 -9999 -9999 -9999 -9999 -9999 -9999 -9999 -9999 -9999 -9999 -9999
61.48 82.88 51.24 33.16 34.36 32.96 30.2 26.56 60.36 25.92 50.76 109.76 142.88 182.96 167.92 139.72 106.88 79.32 93.08 117.32 149.24 187.04 249.28 222.68 164.28 148.04 168.32 182.12 144.6 117.96 155.96 178.48 178.4 118.72 93.84 131.64 187.88 208.28 213.84 234.44 208.08 148.08 80.6 27.24 54.48 103.36 65.16 23.52 57.88 108.72 149.92 157.08 174.48 217.56 235.28 262.28 -9999 -9999 -9999 -9999 -9999 -9999 -9999 -9999 -9999 -9999 -9999 -9999 -9999 -9999 -9999 -9999 -9999 -9999 -9999
46.52 43.36 53.48 69.76 83 87.2 57.6 41.8 78.04 49 26.92 62.68 114.56 178.92 199.16 155.64 128.72 106.24 102.88 108.88 117.52 176.52 242.88 219.84 156.32 148.04 192.44 161.6 141 138 188.28 240.2 205.24 158.16 122.32 121.36 182.08 237.24 251.44 225.04 186.64 134 67.56 25.52 71.88 119.24 96.36 49.48 26 73.32 121.8 124.64 155.36 177.28 176.84 197.44 214.7727 -9999 -9999 -9999 -9999 -9999 -9999 -9999 -9999 -9999 -9999 -9999 -9999 -9999 -9999 -9999 -9999 -9999 -9999
34 58.24 98.2 125.04 141.8 128.84 70.32 58.36 70.12 83.2 44.4 44 88.8 154.16 184.12 147.24 123.24 131.72 154.92 145.88 130.64 187.12 214.16 195.36 137.8 147.44 194.04 154.68 113.64 132 182.52 247.08 244.84 207.32 158.68 127.84 152.08 198.04 218.6 173.64 126.96 94.08 41.4 30.56 88.2 129.16 143.6 88.72 35.52 38.08 66 63.88 74.28 85 89.2 115.2 149.6 189.28 -9999 -9999 -9999 -9999 -9999 -9999 -9999 -9999 -9999 -9999 -9999 -9999 -9999 -9999 -9999 -9999 -9999
30.32 48.96 71.84 105.6 167.68 161.12 118.6 101.44 89.44 115.28 66.52 36.68 88.4 121.4 143.68 130.16 150.52 191.12 189.84 149.24 139.6 166.32 156.48 148.36 127.28 131.8 146.76 123.32 93.52 109.8 154.32 201.92 222.04 229 202.36 169.76 147.04 162.76 178.96 137.92 84.32 45.24 32.52 60.12 116.36 154.48 176.52 115.56 52.88 43.52 33.2 64 91.8 96.52 103.08 101.96 101.96 124.64 -9999 -9999 -9999 -9999 -9999 -9999 -9999 -9999 -9999 -9999 -9999 -9999 -9999 -9999 -9999 -9999 -9999
49.88 67.16 68.68 106.12 162.4 197.44 178.4 133.84 126.04 141.56 92.28 40.32 63.8 100.32 103.48 105.52 152.8 199.96 157.36 125 128 137.56 133.76 124.52 100.64 102.76 92.2 88.6 77.08 126.24 154.96 153.04 167.08 182.16 157.76 143.64 135.48 175.72 154.92 94.08 47.32 39.32 78.28 118.6 158.72 203.96 203.84 132.32 70.08 94.08 61.24 42.56 60.48 73.56 75 92.76 102.76 90.88 81.34782 102.8667 160 217.2667 -9999 -9999 -9999 -9999 -9999 -9999 -9999 -9999 -9999 -9999 -9999 -9999 -9999
71.52 95.76 92.88 98 145.08 189.12 203.12 152.08 116.64 138.2 112.68 48.52 46.96 67.88 90.56 137.12 167.16 160.16 149.28 119.84 128.04 178.76 179.16 136.68 101.12 87.36 85.28 64.88 70.52 105.36 138.36 123.24 118.52 133.72 114.84 115.08 150.16 136.52 115.84 64.84 41.84 79.64 123.56 164.12 206.04 238.4 207.64 135.32 88.6 132.76 125.72 103.2 70.72 50.12 74.12 118.12 115.32 96.08 84.64 102.72 118.48 167.28 -9999 -9999 -9999 -9999 -9999 -9999 -9999 -9999 -9999 -9999 -9999 -9999 -9999
63.88 76.88 91.56 129.64 137 135.52 175.28 125.16 90 122.52 103.84 47.76 73.6 94.6 130.88 165.68 143.44 162.52 160.12 104.16 123.12 193.76 185.4 125.44 107.56 93.88 73.92 66.68 75.92 80.24 90.08 99.76 125.96 103.4 94.4 122.56 125.76 81.6 60.88 40.4 50.92 95.96 151.96 175.32 183.72 206.68 187.04 125.08 116.8 181.88 194.2 174.4 147.92 97.52 54.36 77.2 126.32 90.6 97.04 157.28 126.04 129.4 183.32 252.92 317.68 -9999 -9999 -9999 -9999 -9999 -9999 -9999 -9999 -9999 -9999
75.72 94.72 111.84 128.24 105.36 121.52 166.2 119.04 94.28 83.28 82.32 51.36 86.2 128.32 180.08 177 125.76 150.4 136.8 85.64 128.84 183.04 160.44 108.56 98.08 125.44 86.56 57.36 89.48 123.12 120.64 104.6 121.36 108.96 93.04 84.92 78.08 52.68 43 33.8 56.44 81.24 132.12 120.68 124.6 167.88 195.92 146.6 123.24 176.92 242.84 248.6 203.32 152.96 90.12 59.16 96.92 79.32 117.2 131.32 111.04 124.76 161.64 226.56 256 288.36 317.92 -9999 -9999 -9999 -9999 -9999 -9999 -9999 -9999
