input/bfa/bfa_init_pop.asc
ncols         173
nrows         126
xllcorner     224227.65281
yllcorner     1039207.04677
cellsize      5000
NODATA_value  -9999
[rows 78 to 116 of 126, columns 0 to 87 of 173]
-9999 -9999 -9999 -9999 -9999 -9999 -9999 1422 858 940 975 1065 806 917 829 833 1221 966 687 707 1115 1845 2372 851 1382 1274 1221 1009 579 403 316 369 492 715 868 440 446 806 916 847 1015 1802 2228 2635 1603 1113 2064 1414 1128 3152 1712 982 775 388 399 500 511 327 483 2025 2408 1514 890 467 378 361 454 757 548 566 576 586 1058 1585 729 804 1002 1080 1437 1485 1648 2752 3430 1277 822 699 646 642
-9999 -9999 -9999 -9999 -9999 -9999 -9999 730 1017 1076 658 909 1057 1175 689 784 1045 1536 772 1038 848 707 1936 1619 1629 1757 881 543 789 422 588 842 578 905 489 447 997 1483 1989 1424 2008 1633 1551 5501 4317 1187 1502 1290 923 1957 1573 996 880 611 458 518 544 549 890 1301 2156 1369 646 320 324 441 433 541 502 584 603 766 1225 1218 772 699 723 864 844 1124 1658 1884 1607 1114 775 688 753 812
-9999 -9999 -9999 -9999 -9999 -9999 -9999 559 1095 923 867 1158 778 892 937 928 828 729 571 731 662 518 936 2371 1529 1117 605 573 571 544 524 574 1196 702 356 503 961 1289 1472 1287 1506 1909 2033 4492 2980 1063 841 779 863 1467 2620 1538 1444 926 730 1222 1400 1183 1643 1225 1348 1487 683 479 377 381 380 729 957 677 907 971 1936 1204 988 728 761 698 776 1571 1399 1168 1102 822 685 725 824 1109
-9999 -9999 -9999 -9999 -9999 -9999 -9999 397 1000 1191 1343 592 1304 1396 903 1529 1565 966 559 780 966 917 988 1765 2883 965 584 729 1741 2948 1084 590 1068 699 451 734 1239 1267 1111 990 1185 1993 2404 2197 1315 935 803 811 1469 1697 1773 1233 1084 926 988 1466 1286 1543 1051 1147 1920 1253 852 598 524 567 445 537 895 783 696 743 1371 1242 715 609 572 533 633 1027 1161 1201 1024 673 670 833 882 846
-9999 -9999 -9999 -9999 -9999 -9999 793 537 497 700 753 621 638 926 745 1099 1572 959 540 620 848 1152 940 1098 2478 2081 1148 867 2132 4258 3439 1658 478 480 551 727 793 829 812 874 1116 2251 1995 1066 632 615 1193 1095 1177 958 825 918 1186 875 1104 920 920 1470 1130 1392 1401 1044 1190 792 793 815 551 483 829 928 712 848 924 1183 840 795 569 594 630 817 1193 1141 986 554 491 920 1114 793
-9999 -9999 -9999 -9999 -9999 -9999 776 499 601 638 544 810 572 765 864 4811 6889 663 456 572 662 1036 727 998 1388 2417 2839 1199 4496 4875 7426 5617 1922 506 576 999 585 596 594 576 978 1304 894 1024 759 744 1036 1066 968 1023 999 990 1220 1370 1586 1537 1440 1080 1078 1490 1118 1156 1397 1299 996 860 428 438 746 1079 1013 903 849 989 1065 664 732 792 754 969 1116 970 648 605 556 518 740 905
-9999 -9999 -9999 -9999 -9999 -9999 884 577 531 586 419 535 555 1821 2804 3220 1766 722 578 563 842 1760 4004 5057 2683 5997 8987 5007 8507 4955 4326 3323 1297 602 676 795 677 768 920 809 1552 1388 1147 936 763 661 826 783 818 1007 1008 1054 1316 1723 1198 1277 1495 1125 1149 1418 1207 1074 1380 1877 1210 1028 822 596 569 629 887 1200 1042 893 1064 829 591 596 898 803 521 441 512 420 384 441 515 563
-9999 -9999 -9999 -9999 -9999 274 467 843 384 613 491 419 482 1127 1229 1209 631 582 666 924 852 2551 5930 7523 6917 7697 32166 25136 8239 6126 4190 913 841 616 614 685 902 1213 1675 1705 1957 882 685 590 510 505 639 656 715 858 997 958 1110 1829 1584 1371 1613 1457 522 836 862 336 523 1913 1527 1157 755 445 280 457 635 1167 1187 916 931 1336 962 932 715 434 377 354 382 335 350 479 585 613
-9999 -9999 -9999 -9999 245 407 518 657 347 933 627 784 711 1696 1078 637 756 881 474 686 1581 3284 5375 6273 6565 22559 45471 45711 23274 8758 7515 4351 6157 1357 886 890 1205 1382 1308 818 660 537 731 891 541 571 677 844 1047 1240 1628 1319 1153 1939 1848 1340 1118 541 324 324 443 1187 556 561 1264 792 416 335 322 267 267 421 886 1328 1054 1216 1389 992 583 403 365 348 389 345 460 749 767 1361
-9999 -9999 -9999 -9999 456 461 556 316 325 594 587 1456 757 809 585 449 441 509 413 522 1717 5831 5855 9372 12819 19809 35439 29231 14880 11399 6117 3106 2193 632 587 636 953 1127 725 537 465 437 518 610 734 788 1013 1194 1063 997 1062 1585 1554 3503 2599 1644 943 668 382 309 395 1206 1157 515 286 372 377 398 491 366 558 638 1573 1612 2125 2999 1411 942 941 707 650 459 430 369 476 1064 1391 932
-9999 -9999 300 636 1369 851 673 617 928 590 185 351 1440 1152 719 396 661 1003 897 986 1405 5742 5348 3517 5360 8938 11208 3842 3246 3147 4182 3113 849 853 943 1085 1002 935 913 722 483 463 518 654 710 682 1082 982 870 946 1172 1734 1571 1750 1304 1559 959 938 518 368 405 1106 1186 730 250 377 421 358 412 445 1517 1137 1190 1443 4559 4361 1863 1289 822 882 1195 639 587 377 343 464 877 729
-9999 852 670 1313 765 1143 1329 1050 1241 1182 690 1577 1447 1035 534 453 467 597 560 1054 1134 1978 1591 885 2880 9051 4996 4314 3993 3749 2838 1675 1680 1317 757 692 692 875 879 853 680 542 554 588 559 533 506 696 786 939 1325 1548 1457 1445 1054 1604 905 680 501 674 920 1025 806 597 373 666 781 551 548 514 419 798 1059 1032 1647 1608 1076 940 667 647 852 818 529 413 351 398 408 401
-9999 489 568 586 1350 1359 1220 742 501 271 1468 3862 2133 6377 1297 951 580 419 719 693 811 1199 972 1052 1572 1476 2536 3777 3219 3009 1309 1788 3469 1266 715 611 746 1001 882 823 1138 683 744 709 722 626 515 812 902 1498 1796 1491 2027 1510 1126 1483 1118 794 540 392 1593 818 362 422 499 466 510 394 302 403 660 1046 1380 905 1254 1725 766 749 951 678 540 525 802 586 270 284 -9999 -9999
-9999 240 441 576 825 1407 1763 606 395 472 1321 1919 1478 3958 1338 742 491 907 909 757 464 670 1438 1938 1053 715 704 922 1359 1752 1148 1343 1467 1795 1253 873 715 826 1175 1244 1386 932 597 548 673 721 766 1488 1382 5400 4860 1679 1814 1236 1327 1982 2953 3327 1101 -9999 -9999 -9999 -9999 -9999 -9999 -9999 -9999 -9999 -9999 -9999 -9999 -9999 -9999 -9999 -9999 -9999 -9999 -9999 -9999 -9999 -9999 -9999 -9999 -9999 -9999 -9999 -9999 -9999
-9999 296 485 592 730 810 1460 356 373 411 542 824 779 749 566 548 453 844 709 571 552 941 1510 1057 784 813 646 771 662 618 749 1121 1711 1462 1758 1517 1211 1181 1541 1193 1290 716 757 765 1043 836 960 1207 1468 1765 1259 1122 1510 1111 1399 2031 3329 2389 973 -9999 -9999 -9999 -9999 -9999 -9999 -9999 -9999 -9999 -9999 -9999 -9999 -9999 -9999 -9999 -9999 -9999 -9999 -9999 -9999 -9999 -9999 -9999 -9999 -9999 -9999 -9999 -9999 -9999
-9999 -9999 615 624 651 390 483 543 399 183 194 502 882 882 771 992 676 699 580 1141 1080 1336 1518 975 898 942 692 706 669 705 974 1657 1430 1094 1376 1349 1153 1072 787 561 447 435 723 604 567 517 788 556 861 1726 1021 756 786 731 1069 1568 2289 1208 -9999 -9999 -9999 -9999 -9999 -9999 -9999 -9999 -9999 -9999 -9999 -9999 -9999 -9999 -9999 -9999 -9999 -9999 -9999 -9999 -9999 -9999 -9999 -9999 -9999 -9999 -9999 -9999 -9999 -9999
-9999 -9999 826 696 745 662 500 449 375 363 935 812 1250 1263 959 822 592 851 812 1893 997 1650 1318 1001 832 768 1182 1136 788 981 1288 1808 1492 1344 841 1179 1295 795 596 476 365 400 641 905 1016 756 801 727 523 1177 908 642 528 624 948 1673 1227 1072 -9999 -9999 -9999 -9999 -9999 -9999 -9999 -9999 -9999 -9999 -9999 -9999 -9999 -9999 -9999 -9999 -9999 -9999 -9999 -9999 -9999 -9999 -9999 -9999 -9999 -9999 -9999 -9999 -9999 -9999
-9999 -9999 603 426 867 728 717 685 909 652 341 528 1006 1374 781 384 449 2110 939 457 678 970 932 1174 1126 809 1158 1111 736 782 926 1524 1598 961 1030 1472 1224 747 604 544 619 1080 2024 1379 1186 1151 1440 1008 373 719 612 373 315 441 833 1017 783 552 -9999 -9999 -9999 -9999 -9999 -9999 -9999 -9999 -9999 -9999 -9999 -9999 -9999 -9999 -9999 -9999 -9999 -9999 -9999 -9999 -9999 -9999 -9999 -9999 -9999 -9999 -9999 -9999 -9999 -9999
-9999 712 527 533 753 1202 735 510 670 714 300 310 597 1392 930 1399 733 2484 856 724 1540 1165 864 874 943 1569 1797 1200 1103 1312 1168 1410 1045 1188 1215 1413 752 715 1318 1573 1660 1762 2482 1584 1290 1211 1492 609 316 468 479 384 305 385 555 575 682 -9999 -9999 -9999 -9999 -9999 -9999 -9999 -9999 -9999 -9999 -9999 -9999 -9999 -9999 -9999 -9999 -9999 -9999 -9999 -9999 -9999 -9999 -9999 -9999 -9999 -9999 -9999 -9999 -9999 -9999 -9999
-9999 1141 1361 562 491 534 664 1209 1231 719 405 405 583 1508 1655 3837 5962 6666 1286 1124 1074 1013 867 940 1674 1516 1952 3397 2390 1259 1114 1251 880 1118 1354 1016 976 788 1309 1760 1632 1191 1849 1686 1350 1156 1152 503 335 490 559 490 529 552 592 621 742 -9999 -9999 -9999 -9999 -9999 -9999 -9999 -9999 -9999 -9999 -9999 -9999 -9999 -9999 -9999 -9999 -9999 -9999 -9999 -9999 -9999 -9999 -9999 -9999 -9999 -9999 -9999 -9999 -9999 -9999 -9999
-9999 935 1394 735 1219 831 1157 1761 2108 1717 676 349 518 1715 2126 6078 15293 12354 1930 1964 1613 2008 1293 1361 1313 1019 1055 1704 1552 1812 1392 956 775 822 1080 1085 798 978 1082 765 704 459 850 746 1004 678 405 354 377 572 1088 489 613 945 1012 706 -9999 -9999 -9999 -9999 -9999 -9999 -9999 -9999 -9999 -9999 -9999 -9999 -9999 -9999 -9999 -9999 -9999 -9999 -9999 -9999 -9999 -9999 -9999 -9999 -9999 -9999 -9999 -9999 -9999 -9999 -9999 -9999
-9999 563 914 1567 1781 969 929 1859 1502 1560 552 479 805 1604 2094 3388 3773 3016 1625 2124 1752 1723 1012 1132 1206 1036 1183 1202 900 1141 1729 890 1152 1124 1153 1078 720 708 741 677 497 514 742 650 670 445 418 403 477 628 930 502 455 664 737 664 753 -9999 -9999 -9999 -9999 -9999 -9999 -9999 -9999 -9999 -9999 -9999 -9999 -9999 -9999 -9999 -9999 -9999 -9999 -9999 -9999 -9999 -9999 -9999 -9999 -9999 -9999 -9999 -9999 -9999 -9999 -9999
-9999 837 2450 1748 1496 1631 1012 951 1061 930 665 586 955 1250 1552 2446 3374 2368 1379 2107 1356 957 855 1153 906 898 927 1015 772 772 1069 1431 1560 1314 1026 956 632 765 712 711 638 665 498 714 642 570 722 615 569 723 904 485 461 535 557 746 1203 -9999 -9999 -9999 -9999 -9999 -9999 -9999 -9999 -9999 -9999 -9999 -9999 -9999 -9999 -9999 -9999 -9999 -9999 -9999 -9999 -9999 -9999 -9999 -9999 -9999 -9999 -9999 -9999 -9999 -9999 -9999
-9999 1141 1857 1423 1856 1345 711 705 1225 873 825 1441 1087 1460 1092 1955 2922 1810 1107 1278 1109 841 720 765 814 815 831 886 704 713 1036 1269 1508 1175 864 671 641 863 696 684 521 487 660 682 456 455 575 593 853 784 866 672 543 795 971 1307 1187 -9999 -9999 -9999 -9999 -9999 -9999 -9999 -9999 -9999 -9999 -9999 -9999 -9999 -9999 -9999 -9999 -9999 -9999 -9999 -9999 -9999 -9999 -9999 -9999 -9999 -9999 -9999 -9999 -9999 -9999 -9999
1173 1789 1624 1502 1909 2160 1450 877 1475 1072 880 1810 1301 898 668 1491 2710 1597 2022 1126 942 988 857 725 993 954 829 837 718 694 839 1034 976 1677 1046 773 673 666 624 570 399 452 820 548 404 381 400 426 728 559 863 998 784 757 951 1541 1239 852 -9999 -9999 -9999 -9999 -9999 -9999 -9999 -9999 -9999 -9999 -9999 -9999 -9999 -9999 -9999 -9999 -9999 -9999 -9999 -9999 -9999 -9999 -9999 -9999 -9999 -9999 -9999 -9999 -9999 -9999
1038 1657 1705 1600 1157 1775 1613 529 855 599 1364 978 804 692 1133 1222 1235 1194 1598 1335 1046 1253 859 739 804 806 837 993 1058 765 750 794 865 1012 818 863 1470 1089 673 504 375 433 641 596 449 395 385 457 756 828 1004 1606 1113 777 770 978 948 1095 943 537 -9999 -9999 -9999 -9999 -9999 -9999 -9999 -9999 -9999 -9999 -9999 -9999 -9999 -9999 -9999 -9999 -9999 -9999 -9999 -9999 -9999 -9999 -9999 -9999 -9999 -9999 -9999 -9999
-9999 929 2051 1568 1064 1013 725 452 586 486 1082 1075 1411 684 1016 1361 633 818 815 905 862 1027 770 663 690 715 727 780 947 1111 829 1018 1008 717 830 739 1562 1340 806 462 499 538 730 700 521 464 426 749 1472 1348 1569 3659 1358 957 1057 796 783 947 832 -9999 -9999 -9999 -9999 -9999 -9999 -9999 -9999 -9999 -9999 -9999 -9999 -9999 -9999 -9999 -9999 -9999 -9999 -9999 -9999 -9999 -9999 -9999 -9999 -9999 -9999 -9999 -9999 -9999
-9999 -9999 1019 1874 830 586 576 353 392 435 726 1137 1236 1814 1285 742 566 886 670 524 678 700 630 643 742 780 662 848 881 810 942 952 725 727 635 660 837 1100 749 656 1276 960 1133 1931 967 784 618 817 2500 2058 2678 7102 2056 858 974 799 668 738 -9999 -9999 -9999 -9999 -9999 -9999 -9999 -9999 -9999 -9999 -9999 -9999 -9999 -9999 -9999 -9999 -9999 -9999 -9999 -9999 -9999 -9999 -9999 -9999 -9999 -9999 -9999 -9999 -9999 -9999
-9999 -9999 -9999 -9999 -9999 -9999 -9999 -9999 -9999 482 578 899 1682 7247 1444 628 650 887 497 412 424 547 562 746 677 898 704 713 749 979 995 840 733 856 810 643 696 695 635 528 946 859 905 2255 1319 782 585 623 767 1439 2019 1707 1168 913 707 617 386 381 448 -9999 -9999 -9999 -9999 -9999 -9999 -9999 -9999 -9999 -9999 -9999 -9999 -9999 -9999 -9999 -9999 -9999 -9999 -9999 -9999 -9999 -9999 -9999 -9999 -9999 -9999 -9999 -9999 -9999
-9999 -9999 -9999 -9999 -9999 -9999 -9999 -9999 -9999 466 746 1326 1566 957 957 865 928 596 466 385 384 425 443 689 888 749 848 977 971 749 828 800 752 837 851 642 583 617 595 467 669 588 585 1070 1420 860 677 727 799 1066 1168 997 862 951 771 656 467 409 498 484 -9999 -9999 -9999 -9999 -9999 -9999 -9999 -9999 -9999 -9999 -9999 -9999 -9999 -9999 -9999 -9999 -9999 -9999 -9999 -9999 -9999 -9999 -9999 -9999 -9999 -9999 -9999 -9999
-9999 -9999 -9999 -9999 -9999 -9999 -9999 -9999 -9999 469 932 1224 1031 514 535 627 597 521 479 464 430 366 384 460 658 764 705 634 730 862 1084 815 1039 838 1016 664 564 548 546 435 487 757 765 964 1605 1610 1187 716 528 539 768 898 772 466 453 654 841 1161 919 438 -9999 -9999 -9999 -9999 -9999 -9999 -9999 -9999 -9999 -9999 -9999 -9999 -9999 -9999 -9999 -9999 -9999 -9999 -9999 -9999 -9999 -9999 -9999 -9999 -9999 -9999 -9999 -9999
-9999 -9999 -9999 -9999 -9999 -9999 -9999 -9999 -9999 -9999 801 539 510 480 600 709 868 673 604 581 435 364 362 434 707 617 544 518 692 781 624 654 738 666 940 696 618 727 1101 567 463 843 739 837 1350 1669 864 590 460 377 287 376 415 400 356 503 1441 2000 1312 822 -9999 -9999 -9999 -9999 -9999 -9999 -9999 -9999 -9999 -9999 -9999 -9999 -9999 -9999 -9999 -9999 -9999 -9999 -9999 -9999 -9999 -9999 -9999 -9999 -9999 -9999 -9999 -9999
-9999 -9999 -9999 -9999 -9999 -9999 -9999 -9999 -9999 -9999 282 426 592 636 631 851 879 588 609 450 433 403 436 546 865 601 513 529 629 650 518 479 571 677 1529 1053 1156 1320 1296 700 719 692 644 723 858 980 707 628 563 571 413 339 388 337 347 369 1054 1196 1003 646 -9999 -9999 -9999 -9999 -9999 -9999 -9999 -9999 -9999 -9999 -9999 -9999 -9999 -9999 -9999 -9999 -9999 -9999 -9999 -9999 -9999 -9999 -9999 -9999 -9999 -9999 -9999 -9999
-9999 -9999 -9999 -9999 -9999 -9999 -9999 -9999 -9999 -9999 -9999 -9999 649 594 624 880 590 487 464 419 408 464 488 579 1073 649 556 553 597 532 480 467 538 989 1195 1193 1313 1905 1459 1211 1080 749 584 718 892 1071 833 848 913 452 336 380 407 334 403 374 852 795 581 826 -9999 -9999 -9999 -9999 -9999 -9999 -9999 -9999 -9999 -9999 -9999 -9999 -9999 -9999 -9999 -9999 -9999 -9999 -9999 -9999 -9999 -9999 -9999 -9999 -9999 -9999 -9999 -9999
-9999 -9999 -9999 -9999 -9999 -9999 -9999 -9999 -9999 -9999 -9999 -9999 713 459 440 502 476 656 512 437 516 504 480 557 898 890 629 578 689 621 537 493 514 580 891 1016 1175 1308 1396 1220 1119 882 567 634 734 1190 784 830 1163 519 472 498 537 393 399 411 553 627 480 622 -9999 -9999 -9999 -9999 -9999 -9999 -9999 -9999 -9999 -9999 -9999 -9999 -9999 -9999 -9999 -9999 -9999 -9999 -9999 -9999 -9999 -9999 -9999 -9999 -9999 -9999 -9999 -9999
-9999 -9999 -9999 -9999 -9999 -9999 -9999 -9999 -9999 -9999 -9999 -9999 480 468 355 328 369 429 671 483 700 676 594 544 629 833 632 630 650 844 595 506 487 464 554 974 1316 1242 1160 1065 974 841 552 568 720 1459 805 708 727 582 544 567 594 505 493 501 550 692 468 550 -9999 -9999 -9999 -9999 -9999 -9999 -9999 -9999 -9999 -9999 -9999 -9999 -9999 -9999 -9999 -9999 -9999 -9999 -9999 -9999 -9999 -9999 -9999 -9999 -9999 -9999 -9999 -9999
-9999 -9999 -9999 -9999 -9999 -9999 -9999 -9999 -9999 -9999 -9999 -9999 488 457 384 326 323 363 442 413 678 1354 845 717 642 1134 1008 742 520 546 572 509 465 434 647 1107 1455 1155 -9999 -9999 -9999 -9999 -9999 -9999 -9999 543 598 691 624 636 -9999 445 654 944 826 908 780 793 510 796 -9999 -9999 -9999 -9999 -9999 -9999 -9999 -9999 -9999 -9999 -9999 -9999 -9999 -9999 -9999 -9999 -9999 -9999 -9999 -9999 -9999 -9999 -9999 -9999 -9999 -9999 -9999 -9999
-9999 -9999 -9999 -9999 -9999 -9999 -9999 -9999 -9999 -9999 -9999 -9999 -9999 -9999 217 334 316 312 320 334 514 1008 694 690 833 780 749 791 527 483 501 476 444 483 352 -9999 -9999 -9999 -9999 -9999 -9999 -9999 -9999 -9999 -9999 -9999 -9999 -9999 423 435 -9999 606 1084 1228 823 855 1354 1361 552 715 -9999 -9999 -9999 -9999 -9999 -9999 -9999 -9999 -9999 -9999 -9999 -9999 -9999 -9999 -9999 -9999 -9999 -9999 -9999 -9999 -9999 -9999 -9999 -9999 -9999 -9999 -9999 -9999
-9999 -9999 -9999 -9999 -9999 -9999 -9999 -9999 -9999 -9999 -9999 -9999 -9999 -9999 -9999 -9999 330 317 297 318 428 512 650 1211 941 695 575 716 520 521 -9999 464 -9999 -9999 -9999 -9999 -9999 -9999 -9999 -9999 -9999 -9999 -9999 -9999 -9999 -9999 -9999 -9999 -9999 -9999 -9999 -9999 -9999 1886 1142 521 576 601 554 963 725 -9999 -9999 -9999 -9999 -9999 -9999 -9999 -9999 -9999 -9999 -9999 -9999 -9999 -9999 -9999 -9999 -9999 -9999 -9999 -9999 -9999 -9999 -9999 -9999 -9999 -9999 -9999
