input/bfa/bfa_init_pop.asc
ncols         173
nrows         126
xllcorner     224227.65281
yllcorner     1039207.04677
cellsize      5000
NODATA_value  -9999
[rows 39 to 77 of 126, columns 0 to 87 of 173]
-9999 -9999 -9999 -9999 -9999 -9999 -9999 -9999 -9999 -9999 -9999 -9999 -9999 -9999 -9999 -9999 -9999 -9999 -9999 -9999 -9999 -9999 -9999 -9999 -9999 -9999 -9999 -9999 -9999 -9999 -9999 975 1228 1067 1052 1057 936 630 453 -9999 -9999 -9999 -9999 -9999 -9999 -9999 -9999 -9999 -9999 -9999 661 644 325 328 444 551 617 1053 1680 1050 609 537 610 797 1024 1411 1339 1194 1441 1290 1437 2537 2118 2637 2227 1156 1935 1750 1699 2184 1551 1829 2862 3127 2984 1883 4263 8667
-9999 -9999 -9999 -9999 -9999 -9999 -9999 -9999 -9999 -9999 -9999 -9999 -9999 -9999 -9999 -9999 -9999 -9999 -9999 -9999 -9999 -9999 -9999 -9999 -9999 -9999 -9999 -9999 -9999 727 1045 1131 1495 889 710 624 798 477 419 368 -9999 -9999 -9999 -9999 -9999 -9999 1168 578 358 356 620 647 565 453 355 399 506 836 1200 1136 1152 1778 764 953 1696 1511 936 1421 1850 2064 2126 2728 2598 2138 1825 1293 1083 1304 1060 2712 3143 2281 2144 2361 2111 1481 1985 1876
-9999 -9999 -9999 -9999 -9999 -9999 -9999 -9999 -9999 -9999 -9999 -9999 -9999 -9999 -9999 -9999 -9999 -9999 -9999 -9999 -9999 -9999 -9999 -9999 -9999 -9999 -9999 -9999 734 860 1002 1000 1134 788 610 754 620 434 380 375 404 377 -9999 -9999 -9999 -9999 2301 859 532 426 505 848 585 389 402 579 681 778 603 773 1208 2016 997 2114 1225 964 1213 1887 4947 9485 1936 1858 2145 1799 2035 1628 911 1742 1601 3475 3769 2537 1772 2076 2662 2390 1585 2068
-9999 -9999 -9999 -9999 -9999 -9999 -9999 -9999 -9999 -9999 -9999 -9999 -9999 -9999 -9999 -9999 -9999 -9999 -9999 -9999 -9999 -9999 -9999 -9999 -9999 -9999 -9999 267 642 1047 1244 1375 948 739 643 842 770 447 385 379 407 453 472 -9999 -9999 -9999 2658 757 382 423 449 874 833 614 838 551 615 499 521 761 1032 603 745 1164 1145 1053 1331 2018 5585 7033 2125 1844 1663 1928 2717 1341 1493 3160 2297 2024 1824 1766 1339 1127 2371 2067 1460 2400
-9999 -9999 -9999 -9999 -9999 -9999 -9999 -9999 -9999 -9999 -9999 -9999 -9999 -9999 -9999 -9999 -9999 -9999 -9999 -9999 -9999 -9999 -9999 -9999 -9999 -9999 722 473 582 1460 2197 1322 780 611 654 649 677 515 396 408 482 481 486 617 1204 922 1929 631 390 585 485 477 619 1165 1031 663 640 570 971 1692 875 687 620 1105 1449 863 1170 1639 2469 2526 2296 2440 2749 3735 4386 1591 1667 1511 1240 1029 943 2588 1123 1317 1631 2334 1515 1730
-9999 -9999 -9999 -9999 -9999 -9999 -9999 -9999 -9999 -9999 -9999 -9999 -9999 -9999 -9999 -9999 -9999 -9999 -9999 -9999 -9999 -9999 -9999 -9999 -9999 -9999 -9999 586 749 1734 1457 1343 1213 672 860 652 683 544 442 419 625 529 575 750 753 1344 2764 1067 1118 1186 553 843 696 2592 1991 757 1034 1137 856 647 483 685 850 1745 1204 872 1072 1208 1317 2020 1774 1734 2071 2190 3903 2789 1443 1147 1240 1157 941 1092 958 1285 2075 2563 2061 1080
-9999 -9999 -9999 -9999 -9999 -9999 -9999 -9999 -9999 -9999 -9999 -9999 -9999 -9999 -9999 -9999 -9999 -9999 -9999 -9999 -9999 -9999 -9999 -9999 -9999 -9999 -9999 469 945 1256 981 896 1167 839 704 608 556 522 569 418 436 438 519 647 1122 1814 2475 913 586 615 428 382 716 1411 1235 574 586 765 628 440 487 589 806 1033 1295 1177 1514 994 878 1167 2057 1601 2365 2063 1464 2791 1734 1743 2702 1825 1384 1568 1578 1386 1145 1171 3037 1651
-9999 -9999 -9999 -9999 -9999 -9999 -9999 -9999 -9999 -9999 -9999 -9999 -9999 -9999 -9999 -9999 -9999 -9999 -9999 -9999 -9999 -9999 -9999 -9999 -9999 -9999 -9999 -9999 1289 1297 985 754 861 736 868 549 394 460 691 477 401 400 420 474 626 1775 3606 709 403 434 487 433 1016 670 784 639 575 1206 671 465 592 472 673 868 1106 1084 977 1168 910 1457 1968 4816 1768 1736 2658 2803 2643 1852 1742 1710 1907 3364 2931 3023 1793 1398 2701 2378
-9999 -9999 -9999 -9999 -9999 -9999 -9999 -9999 -9999 -9999 -9999 -9999 -9999 -9999 -9999 -9999 -9999 -9999 -9999 -9999 -9999 -9999 -9999 -9999 -9999 -9999 -9999 -9999 792 1445 1131 1400 871 605 645 583 473 456 531 478 426 438 423 327 304 954 1157 726 560 597 386 412 680 525 523 700 702 708 563 465 476 643 959 1211 1137 1014 1092 1326 1240 1723 3429 11094 2879 1497 1680 1875 1291 1318 1424 1120 1282 1236 1119 1227 1274 988 1078 1498
-9999 -9999 -9999 -9999 -9999 -9999 -9999 -9999 -9999 -9999 -9999 -9999 -9999 -9999 -9999 -9999 -9999 -9999 -9999 -9999 -9999 -9999 -9999 -9999 -9999 -9999 -9999 -9999 580 2080 2186 1118 735 628 517 738 741 485 601 786 517 821 608 204 286 766 1986 790 498 633 416 620 872 533 487 944 1056 849 1438 744 679 927 1004 1456 1720 1420 2518 4011 1483 1545 1593 1950 1809 2032 1164 1731 1266 1325 1118 1149 873 869 1004 1187 1040 760 1074 1186
-9999 -9999 -9999 -9999 -9999 -9999 -9999 -9999 -9999 -9999 -9999 -9999 -9999 -9999 -9999 -9999 -9999 -9999 -9999 -9999 -9999 -9999 -9999 -9999 -9999 -9999 -9999 -9999 578 1427 1304 1196 826 734 550 591 784 687 965 944 1065 1214 531 322 474 447 747 981 552 573 532 696 681 719 528 771 765 985 2400 806 740 1099 753 886 1152 1355 1657 2440 1678 1686 1034 1315 1788 1928 1477 1911 1960 1479 1924 1462 937 971 1000 919 1237 813 815 754
-9999 -9999 -9999 -9999 -9999 -9999 -9999 -9999 -9999 -9999 -9999 -9999 -9999 -9999 -9999 -9999 -9999 -9999 -9999 -9999 -9999 -9999 -9999 -9999 -9999 -9999 -9999 -9999 284 926 806 814 685 850 915 637 780 1000 909 1247 776 1440 1145 472 909 735 632 1053 920 676 1601 1223 959 820 678 1066 1069 824 926 1068 1023 886 756 1015 1095 1649 1497 1786 1890 1241 1429 1820 1775 1431 929 1359 1804 1898 2022 1925 1723 1258 1831 1481 1426 1155 1043 1009
-9999 -9999 -9999 -9999 -9999 -9999 -9999 -9999 -9999 -9999 -9999 -9999 -9999 -9999 -9999 -9999 -9999 -9999 -9999 -9999 -9999 -9999 -9999 -9999 -9999 -9999 -9999 -9999 379 935 905 1023 966 1004 950 1073 1989 1682 920 718 441 619 674 446 476 608 1269 1046 625 502 803 855 1574 1947 1678 958 1265 5855 1141 741 825 800 723 1076 1373 1720 1774 1660 1797 1567 1274 1833 1866 1531 1114 1756 1220 1441 2854 1338 1502 1288 1691 1910 2274 1795 1301 1312
-9999 -9999 -9999 -9999 -9999 -9999 -9999 -9999 -9999 -9999 -9999 -9999 -9999 -9999 -9999 -9999 -9999 -9999 -9999 -9999 -9999 -9999 -9999 -9999 291 381 -9999 -9999 842 1080 922 944 731 789 956 1308 6277 2261 833 538 400 297 236 334 919 1232 961 432 476 613 581 506 580 1240 1430 1215 1172 2346 1250 1137 882 1036 1282 1789 1866 1441 1696 1884 2111 1906 1575 1434 2848 1836 1126 1730 1700 1295 1489 2213 1907 1481 1673 2348 1585 987 1215 1749
-9999 -9999 -9999 -9999 -9999 -9999 -9999 -9999 -9999 -9999 -9999 -9999 -9999 -9999 -9999 -9999 -9999 -9999 -9999 -9999 -9999 -9999 -9999 533 715 818 651 583 683 818 716 709 758 736 978 1103 1240 848 681 608 284 190 190 325 954 1296 1018 498 429 615 638 544 748 666 849 788 1331 1110 799 886 742 1196 2341 2068 1341 1130 1155 1881 2601 2356 1490 1854 3084 2384 1498 1401 3221 2292 3556 6540 1870 1168 1348 1058 2338 2458 2213 3484
-9999 -9999 -9999 -9999 -9999 -9999 -9999 -9999 -9999 -9999 -9999 -9999 -9999 -9999 -9999 -9999 -9999 -9999 -9999 -9999 -9999 -9999 -9999 251 746 556 609 491 571 886 822 1006 1194 1388 840 1126 680 775 400 361 372 202 191 270 1041 1350 926 584 571 521 1140 1682 966 681 714 666 760 796 798 1035 777 1075 1125 1064 1093 1764 1694 2063 1368 824 1266 1708 1856 1383 1674 2118 1337 1393 2084 4033 1887 1468 1320 1117 1540 2404 1646 1818
-9999 -9999 -9999 -9999 -9999 -9999 -9999 -9999 -9999 -9999 -9999 -9999 -9999 -9999 -9999 -9999 -9999 -9999 -9999 -9999 -9999 -9999 -9999 -9999 261 566 765 604 487 583 741 841 892 863 762 529 350 531 218 208 392 305 254 428 1187 1255 688 529 1348 1155 1453 1537 861 731 700 894 669 916 1312 738 887 894 1016 1533 1244 1371 492 506 856 1438 1154 1024 1191 1213 1850 2228 2571 1672 2639 2641 2195 1844 1375 738 891 900 1699 1133
-9999 -9999 -9999 -9999 -9999 -9999 -9999 -9999 -9999 -9999 -9999 -9999 -9999 -9999 -9999 -9999 -9999 -9999 -9999 -9999 -9999 -9999 -9999 -9999 -9999 879 837 677 604 546 716 966 656 714 597 462 385 440 277 225 261 338 427 878 1121 1319 1164 605 696 618 676 704 922 1036 915 706 740 1024 1258 674 932 1191 1358 1931 1228 1163 579 566 765 614 659 1141 1630 2145 2243 2255 1940 1521 2614 3163 1029 2179 1790 678 817 1145 1996 834
-9999 -9999 -9999 -9999 -9999 -9999 -9999 -9999 -9999 -9999 -9999 -9999 -9999 -9999 -9999 -9999 -9999 -9999 -9999 -9999 -9999 -9999 -9999 -9999 267 759 552 564 474 487 590 1000 672 585 496 493 685 852 523 422 503 672 640 2224 3119 5913 1692 762 365 328 346 421 956 860 715 613 647 811 834 746 887 1214 1518 1301 1013 1144 761 584 799 1430 1259 1787 2338 2262 1521 1205 1275 2367 1506 971 908 1351 1710 1126 855 1225 18370 8719
-9999 -9999 -9999 -9999 -9999 -9999 -9999 -9999 -9999 -9999 -9999 -9999 -9999 -9999 -9999 -9999 -9999 -9999 -9999 -9999 -9999 -9999 -9999 -9999 706 900 516 500 413 525 777 1162 801 723 615 523 914 1284 851 825 1047 564 577 1157 4508 11159 2156 1027 397 324 308 473 493 774 966 639 601 578 598 891 1358 1228 1646 2184 2281 1647 1358 1947 2218 4364 3576 2042 2145 1816 2850 2686 2599 1445 2185 1361 1106 1237 1417 2325 2484 28429 110410 92965
-9999 -9999 -9999 -9999 -9999 -9999 -9999 -9999 -9999 -9999 -9999 -9999 -9999 -9999 -9999 -9999 -9999 -9999 -9999 -9999 -9999 -9999 -9999 -9999 990 972 776 423 436 648 1159 1290 1022 1050 743 683 774 2173 1187 327 605 623 564 1206 1304 1346 1263 1600 899 454 328 346 361 540 925 955 853 721 609 1012 1273 1692 1490 1704 3226 2115 1729 2034 1959 2285 3421 2244 1880 1970 2570 3445 1986 1480 2581 1767 1330 1626 2020 1544 25611 104538 156162 152231
-9999 -9999 -9999 -9999 -9999 -9999 -9999 -9999 -9999 -9999 -9999 -9999 -9999 -9999 -9999 -9999 -9999 -9999 -9999 -9999 -9999 -9999 -9999 -9999 506 514 848 742 731 1077 1423 1046 1396 1782 1557 996 851 1238 817 426 703 648 749 1155 918 750 780 973 1642 1360 742 441 421 377 696 753 1069 734 574 1073 1460 2122 2279 2605 1962 2220 2718 1814 2228 2450 3826 2617 2711 3491 3844 3898 1183 2521 1425 1038 910 1145 2392 1776 42438 118980 163579 160933
-9999 -9999 -9999 -9999 -9999 -9999 -9999 -9999 -9999 -9999 -9999 -9999 -9999 -9999 -9999 -9999 -9999 -9999 -9999 -9999 -9999 -9999 -9999 216 341 894 522 575 643 535 922 937 837 1183 1332 882 765 654 580 492 666 693 895 1321 829 716 705 901 1130 980 1128 1226 788 471 419 419 438 660 916 708 506 530 992 2023 1821 2423 7326 4491 3385 4304 4747 3703 2958 3194 2353 1693 1203 1688 1018 1126 1637 1440 3024 3977 33321 99596 133924 153021
-9999 -9999 -9999 -9999 -9999 -9999 -9999 -9999 -9999 -9999 -9999 -9999 -9999 -9999 -9999 -9999 -9999 -9999 -9999 -9999 -9999 -9999 148 367 364 568 448 561 719 706 1681 1777 991 896 1388 1316 803 543 482 525 575 749 1607 1389 1194 824 590 870 964 882 1126 1154 1008 2827 798 826 512 601 584 422 355 359 871 1792 3410 2038 3004 2437 11858 16625 7857 4509 3326 3370 2111 2555 1877 1145 928 1257 1734 1985 4337 6799 2086 14550 34301 56183
-9999 -9999 -9999 -9999 -9999 -9999 -9999 -9999 -9999 -9999 -9999 -9999 -9999 -9999 -9999 -9999 -9999 -9999 -9999 -9999 -9999 122 327 382 404 372 572 1160 732 924 1127 1737 1282 1152 2442 3252 947 601 446 639 597 673 1650 1164 1011 624 480 661 1274 917 1109 1349 714 1043 571 650 822 741 935 955 487 415 615 885 1373 1546 3083 4553 12322 12479 5197 3995 2343 2534 3646 3213 2758 1806 1751 2518 2887 2178 3038 1955 1752 5266 6133 8924
-9999 -9999 -9999 -9999 -9999 -9999 -9999 -9999 -9999 -9999 -9999 -9999 -9999 -9999 -9999 -9999 -9999 -9999 -9999 -9999 -9999 251 304 383 301 368 768 760 822 1026 1143 6401 2905 1197 1179 1071 840 577 547 655 621 853 1194 644 748 583 502 677 947 1172 1377 1244 860 702 564 612 571 563 599 923 816 827 1113 1597 1819 1754 1609 2638 2604 2584 2081 2689 2099 2732 2540 2902 3849 2767 2481 4327 3086 1937 1440 1439 2410 3534 4446 1602
-9999 -9999 -9999 -9999 -9999 -9999 -9999 -9999 -9999 -9999 -9999 -9999 -9999 -9999 -9999 -9999 -9999 -9999 -9999 -9999 -9999 255 253 419 262 675 1516 706 765 1135 1907 1566 1494 1027 1350 876 700 596 563 601 902 916 705 575 530 539 636 739 748 1252 2656 1203 1012 789 617 615 521 331 331 372 518 780 954 1396 1302 1061 986 1375 1981 1663 1723 1866 1605 1658 2327 2739 2043 1394 1158 1255 1209 1753 1403 2401 2844 2701 2096 1195
-9999 -9999 -9999 -9999 -9999 -9999 -9999 -9999 -9999 -9999 -9999 -9999 -9999 -9999 -9999 -9999 -9999 -9999 -9999 135 417 567 1058 551 436 1643 1656 1038 1293 2943 2093 1775 1340 975 1446 839 771 629 545 674 2214 1076 727 662 562 696 872 972 961 1144 1367 973 955 863 680 901 719 358 315 307 373 777 747 944 1019 1315 1247 799 725 1191 1180 2345 2029 2095 2540 2087 1498 1170 959 1431 1403 1020 1133 2612 2166 1257 2118 1006
-9999 -9999 -9999 -9999 -9999 -9999 -9999 -9999 -9999 -9999 -9999 -9999 -9999 -9999 -9999 -9999 -9999 -9999 1843 3176 1913 2001 1330 726 820 1583 2287 2154 2272 2415 3374 1432 1050 1085 1099 700 866 674 559 721 1133 995 701 607 637 920 1190 1066 1026 894 635 760 932 879 898 734 564 535 388 331 380 730 434 613 1230 1982 1163 673 740 1749 2118 3130 4449 2266 2589 2827 1353 1169 1084 1023 1099 763 841 1194 933 1689 1471 935
-9999 -9999 -9999 -9999 -9999 -9999 -9999 -9999 -9999 -9999 -9999 -9999 191 351 445 527 397 701 689 1153 2079 2206 1035 848 798 1810 2182 2516 1654 1020 1228 1287 954 1067 525 856 1296 1174 692 890 848 928 740 738 718 1532 3270 1434 1126 1135 1022 818 1225 957 937 874 1092 1109 528 344 382 794 442 665 1130 1042 941 826 1930 2460 1753 2013 2886 2446 3785 2864 808 745 802 1104 1449 925 714 892 689 830 1327 1000
-9999 -9999 -9999 -9999 -9999 -9999 -9999 -9999 438 838 573 468 571 673 780 949 926 882 468 465 1099 1603 635 912 1296 1284 2204 1972 1297 1701 1083 1063 906 746 634 1226 1129 1548 939 1598 1110 761 732 952 1078 1916 3008 1278 1131 1505 1081 791 899 708 1160 757 757 989 495 433 540 707 434 557 1113 2231 1534 1366 2372 2439 1693 3720 4936 2949 1401 619 770 597 818 914 1156 1101 643 591 611 916 1555 1341
-9999 -9999 -9999 -9999 -9999 -9999 -9999 323 785 752 736 905 905 878 508 980 845 850 625 447 996 1707 1503 1286 1183 1982 2995 1261 1251 1432 783 843 842 474 1019 860 896 964 991 1216 1122 883 738 773 1011 1281 1640 1136 936 1196 1392 794 1097 665 819 1285 1230 1255 1025 388 428 578 677 569 921 3083 2285 1247 1133 927 833 1124 1321 1617 1242 654 973 826 1132 1054 1215 1092 555 558 837 1223 1111 729
-9999 -9999 -9999 -9999 -9999 -9999 402 826 795 1008 421 574 895 936 1152 1374 1016 1107 597 667 1017 928 1600 1212 1349 1472 1510 1203 1319 849 687 1202 1134 527 677 845 1047 975 1925 1453 981 1338 943 758 922 1031 792 1019 886 1092 1411 1111 1078 961 839 1771 1507 868 833 391 321 563 787 761 794 1062 1190 552 654 472 417 516 1194 1724 1183 765 833 843 1117 1221 1203 1118 948 738 1074 1127 900 668
-9999 -9999 -9999 205 501 652 1073 1071 715 712 647 796 616 1140 1384 1385 835 1144 854 662 965 806 1132 1231 1683 1647 1627 1076 1277 1366 903 1094 609 761 531 625 749 1221 1562 962 971 849 926 1359 1314 1238 793 985 1055 1387 1029 923 708 677 1143 1608 1692 1283 765 591 698 817 1466 1059 512 534 540 388 362 327 333 396 718 877 1001 951 939 805 876 920 1118 1232 1423 1052 1272 1226 871 514
-9999 -9999 -9999 -9999 -9999 245 1176 1327 545 667 875 992 601 774 681 2323 1123 1244 1107 677 569 573 945 1808 967 1455 2092 1107 917 1598 1206 957 421 552 536 548 796 1500 868 746 753 690 755 917 1263 897 949 1042 1901 2008 859 1054 1055 521 510 591 2388 1652 854 733 1327 1406 712 537 460 479 403 483 458 348 339 383 416 516 637 758 869 839 946 1083 1361 1231 1217 882 901 1452 640 335
-9999 -9999 -9999 -9999 -9999 -9999 810 492 441 654 639 803 1125 894 761 1373 1176 1093 973 1023 1107 954 1921 1359 454 430 1122 870 797 1426 695 430 381 506 489 537 623 799 579 635 648 748 858 718 871 788 675 727 2740 2080 1054 860 997 508 552 1206 2056 962 341 327 685 597 354 528 586 703 354 460 586 389 543 447 535 721 670 717 1096 1254 923 929 1043 1072 1182 911 847 1033 673 362
-9999 -9999 -9999 -9999 -9999 -9999 753 549 535 704 579 723 774 658 568 1003 768 921 675 953 936 1679 888 625 400 597 772 1133 846 747 369 329 310 418 361 460 590 604 774 855 993 920 851 1334 1503 1726 1201 1023 843 1060 863 1113 1246 971 438 679 769 374 282 310 2064 1044 348 535 598 422 387 441 439 445 519 727 641 774 658 704 1109 1639 703 729 908 1001 1244 1155 1255 1116 707 541
-9999 -9999 -9999 -9999 -9999 837 917 935 783 609 867 1069 780 591 842 804 1930 1329 799 1244 1605 3002 1074 701 499 750 682 1206 873 423 440 290 286 479 689 753 613 456 766 1152 1710 913 1040 1452 1315 1198 1293 1687 1146 974 716 740 780 381 270 290 290 283 276 497 1959 1015 383 358 457 561 645 402 392 487 620 543 643 1149 637 563 1457 1356 932 759 816 1026 1331 1457 1520 930 704 525
-9999 -9999 -9999 -9999 -9999 -9999 -9999 906 723 916 875 807 1064 643 728 849 1331 1241 961 1149 1851 3749 947 760 817 1258 1162 1373 855 442 282 277 358 419 804 601 414 493 689 842 1149 1514 1326 1284 1152 867 1536 1897 1048 1114 1269 1016 526 244 256 299 279 259 306 1179 3616 1259 717 559 494 634 1095 764 672 824 670 495 835 2056 677 858 1713 1018 1119 1019 878 1318 1909 1725 1031 784 631 548
