input/bfa/bfa_beta.asc
ncols         173
nrows         126
xllcorner     224227.65281
yllcorner     1039207.04677
cellsize      5000
NODATA_value  -9999
[rows 37 to 73 of 126, columns 85 to 169 of 173]
0.59 0.44 0.4 0.5 0.71 0.79 0.51 0.55 0.62 0.65 0.56 0.54 0.65 0.63 0.97 0.83 0.96 1 0.74 0.81 1 0.98 1 0.91 1.11 1.15 1.11 1.01 1 0.88 0.86 0.88 0.79 0.97 0.77 0.83 0.67 0.75 0.76 0.76 0.81 0.7 0.6 0.43 0.44 0.5 0.37 0.3 0.29 0.29 0.3 0.3 0.33 0.3 0.29 0.25 0.23 0.29 0.29 0.3 0.28 -9999 0.25 -9999 -9999 -9999 -9999 -9999 -9999 -9999 -9999 -9999 -9999 -9999 -9999 -9999 -9999 -9999 -9999 -9999 -9999 -9999 -9999 -9999 -9999
0.5 0.46 0.35 0.38 0.55 0.64 0.46 0.52 0.51 0.62 0.55 0.59 0.66 0.71 0.75 0.81 1 0.84 0.87 0.74 0.84 0.84 0.81 0.95 1.1 1.22 1.12 1.13 1.1 0.95 0.95 0.72 0.74 0.88 0.84 0.84 0.75 0.83 0.75 0.94 0.79 0.52 0.54 0.48 0.39 0.38 0.3 0.3 0.39 0.43 0.4 0.33 0.42 0.33 0.29 0.29 0.27 -9999 -9999 -9999 0.28 -9999 -9999 -9999 -9999 -9999 -9999 -9999 -9999 -9999 -9999 -9999 -9999 -9999 -9999 -9999 -9999 -9999 -9999 -9999 -9999 -9999 -9999 -9999 -9999
0.38 0.43 0.28 0.35 0.44 0.5 0.47 0.46 0.62 0.58 0.5 0.46 0.5 0.6 0.59 0.82 0.85 0.7 0.63 0.75 0.75 0.9 0.95 0.8 0.8 1.01 1.01 1.14 0.9 0.85 0.85 0.8 0.72 0.76 0.8 0.92 0.83 0.73 0.9 0.9 0.65 0.48 0.48 0.48 0.39 0.4 0.3 0.38 0.37 0.49 0.36 0.4 0.29 0.29 0.29 0.29 0.29 -9999 -9999 -9999 -9999 -9999 -9999 -9999 -9999 -9999 -9999 -9999 -9999 -9999 -9999 -9999 -9999 -9999 -9999 -9999 -9999 -9999 -9999 -9999 -9999 -9999 -9999 -9999 -9999
0.38 0.33 0.25 0.27 0.34 0.38 0.4 0.42 0.5 0.55 0.59 0.44 0.53 0.5 0.51 0.69 0.55 0.62 0.71 0.7 0.75 0.83 0.76 0.6 0.75 1.15 0.99 0.96 0.61 0.6 0.6 0.61 0.82 0.91 0.64 0.74 0.72 0.71 0.62 0.62 0.63 0.46 0.46 0.43 0.39 0.39 0.43 0.44 0.33 0.37 0.3 0.29 0.29 0.33 0.29 0.29 0.29 -9999 -9999 -9999 -9999 -9999 -9999 -9999 -9999 -9999 -9999 -9999 -9999 -9999 -9999 -9999 -9999 -9999 -9999 -9999 -9999 -9999 -9999 -9999 -9999 -9999 -9999 -9999 -9999
0.33 0.34 0.27 0.31 0.33 0.33 0.32 0.35 0.42 0.5 0.49 0.39 0.46 0.46 0.51 0.63 0.69 0.65 0.58 0.65 0.8 0.84 1.01 1.04 0.84 0.9 0.84 0.96 0.9 0.7 0.6 0.61 0.75 0.95 0.78 0.76 0.6 0.7 0.5 0.5 0.45 0.49 0.43 0.44 0.42 0.36 0.43 0.46 0.49 0.43 0.44 0.295 0.3 0.31 0.3 0.3 0.29 -9999 -9999 -9999 -9999 -9999 -9999 -9999 -9999 -9999 -9999 -9999 -9999 -9999 -9999 -9999 -9999 -9999 -9999 -9999 -9999 -9999 -9999 -9999 -9999 -9999 -9999 -9999 -9999
0.26 0.27 0.26 0.26 0.26 0.33 0.31 0.26 0.3 0.38 0.35 0.38 0.45 0.4 0.5 0.6 0.55 0.39 0.75 0.71 0.72 0.93 1.14 1.06 0.85 0.85 0.83 0.82 0.85 0.75 0.83 0.7 0.81 0.97 0.72 0.93 0.79 0.81 0.52 0.52 0.49 0.45 0.36 0.47 0.54 0.45 0.52 0.49 0.44 0.45 0.39 0.31 0.3 0.31 0.32 0.33 0.31 -9999 -9999 -9999 -9999 -9999 -9999 -9999 -9999 -9999 -9999 -9999 -9999 -9999 -9999 -9999 -9999 -9999 -9999 -9999 -9999 -9999 -9999 -9999 -9999 -9999 -9999 -9999 -9999
0.27 0.23 0.2 0.21 0.23 0.21 0.21 0.22 0.23 0.25 0.27 0.29 0.3 0.38 0.44 0.61 0.54 0.42 0.65 0.56 0.8 0.98 0.84 0.92 0.75 0.85 0.82 0.84 0.75 0.79 0.8 0.8 0.72 0.75 0.67 0.79 0.7 0.7 0.61 0.65 0.52 0.54 0.48 0.53 0.53 0.69 0.51 0.45 0.43 0.42 0.35 0.43 0.49 0.42 0.4 0.35 0.3 -9999 -9999 -9999 -9999 -9999 -9999 -9999 -9999 -9999 -9999 -9999 -9999 -9999 -9999 -9999 -9999 -9999 -9999 -9999 -9999 -9999 -9999 -9999 -9999 -9999 -9999 -9999 -9999
0.176 0.18 0.19 0.22 0.19 0.19 0.18 0.22 0.179 0.179 0.26 0.25 0.21 0.31 0.34 0.52 0.6 0.42 0.52 0.67 0.81 0.82 0.77 0.76 0.76 0.84 0.76 0.75 0.75 0.83 0.82 0.75 0.83 0.75 0.74 0.61 0.52 0.71 0.6 0.63 0.53 0.43 0.48 0.49 0.53 0.49 0.43 0.48 0.49 0.49 0.43 0.37 0.37 0.37 0.42 0.35 0.4 -9999 -9999 -9999 -9999 -9999 -9999 -9999 -9999 -9999 -9999 -9999 -9999 -9999 -9999 -9999 -9999 -9999 -9999 -9999 -9999 -9999 -9999 -9999 -9999 -9999 -9999 -9999 -9999
0.2 0.173 0.173 0.18 0.18 0.18 0.18 0.173 0.166 0.173 0.22 0.23 0.2 0.29 0.33 0.52 0.55 0.6 0.6 0.63 0.59 0.66 0.67 0.72 0.8 0.85 0.97 0.79 0.64 0.79 0.77 0.79 0.75 0.79 0.65 0.52 0.57 0.53 0.61 0.63 0.5 0.59 0.49 0.47 0.44 0.46 0.44 0.48 0.46 0.48 0.47 0.44 0.44 0.42 0.42 0.35 0.35 -9999 -9999 -9999 -9999 -9999 -9999 -9999 -9999 -9999 -9999 -9999 -9999 -9999 -9999 -9999 -9999 -9999 -9999 -9999 -9999 -9999 -9999 -9999 -9999 -9999 -9999 -9999 -9999
0.2 0.18 0.14 0.15 0.18 0.166 0.175 0.174 0.16 0.17 0.179 0.23 0.179 0.2 0.26 0.4 0.46 0.59 0.69 0.77 0.76 0.87 0.69 0.87 0.82 0.85 0.82 0.75 0.75 0.92 0.9 0.8 0.8 0.84 0.72 0.78 0.7 0.63 0.43 0.43 0.52 0.51 0.62 0.43 0.49 0.53 0.53 0.47 0.45 0.53 0.45 0.49 0.47 0.44 0.46 0.41 0.35 0.35 0.47 0.54 0.48 -9999 -9999 -9999 -9999 -9999 -9999 -9999 -9999 -9999 -9999 -9999 -9999 -9999 -9999 -9999 -9999 -9999 -9999 -9999 -9999 -9999 -9999 -9999 -9999
0.2 0.19 0.14 0.13 0.16 0.16 0.171 0.166 0.165 0.17 0.18 0.179 0.23 0.26 0.29 0.38 0.47 0.57 0.61 0.65 0.85 0.75 0.85 0.85 0.5 0.5 0.81 0.73 0.76 0.7 0.75 0.85 0.49 0.75 0.78 0.64 0.6 0.55 0.47 0.47 0.65 0.7 0.51 0.57 0.49 0.54 0.53 0.47 0.42 0.44 0.43 0.49 0.47 0.43 0.48 0.48 0.43 0.48 0.45 0.45 0.54 0.48 -9999 -9999 -9999 -9999 -9999 -9999 -9999 -9999 -9999 -9999 -9999 -9999 -9999 -9999 -9999 -9999 -9999 -9999 -9999 -9999 -9999 -9999 -9999
0.22 0.2 0.22 0.18 0.17 0.17 0.16 0.16 0.15 0.17 0.18 0.22 0.23 0.24 0.38 0.41 0.45 0.49 0.62 0.69 0.66 0.64 0.65 0.85 0.53 0.5 0.84 0.81 0.86 0.76 0.62 0.81 0.75 0.75 0.64 0.56 0.71 0.62 0.55 0.55 0.74 0.74 0.71 0.54 0.45 0.47 0.46 0.45 0.48 0.53 0.49 0.49 0.54 0.49 0.54 0.53 0.69 0.53 0.54 0.5 0.53 0.5 0.54 -9999 -9999 -9999 -9999 -9999 -9999 -9999 -9999 -9999 -9999 -9999 -9999 -9999 -9999 -9999 -9999 -9999 -9999 -9999 -9999 -9999 -9999
0.21 0.15 0.21 0.22 0.16 0.17 0.15 0.17 0.16 0.18 0.19 0.22 0.23 0.25 0.3 0.34 0.39 0.39 0.57 0.63 0.51 0.55 0.6 0.59 0.75 0.85 0.81 0.9 0.93 0.91 0.92 0.78 0.76 0.81 0.6 0.62 0.65 0.71 0.81 0.81 0.61 0.6 0.69 0.49 0.36 0.47 0.43 0.43 0.53 0.53 0.53 0.5 0.49 0.54 0.57 0.69 0.53 0.69 0.53 0.52 0.5 0.35 0.44 0.44 -9999 -9999 -9999 -9999 -9999 -9999 -9999 -9999 -9999 -9999 -9999 -9999 -9999 -9999 -9999 -9999 -9999 -9999 -9999 -9999 -9999
0.22 0.18 0.21 0.22 0.16 0.15 0.15 0.18 0.16 0.22 0.25 0.23 0.21 0.179 0.25 0.29 0.41 0.49 0.47 0.51 0.53 0.47 0.58 0.71 0.66 0.97 0.76 0.83 0.97 1 0.73 0.74 0.75 0.73 0.68 0.56 0.74 0.74 0.73 0.56 0.56 0.53 0.5 0.48 0.49 0.49 0.49 0.56 0.69 0.54 0.69 0.56 0.52 0.5 0.58 0.5 0.71 0.79 0.61 0.56 0.56 0.42 0.45 0.47 0.45 0.48 -9999 -9999 -9999 -9999 -9999 -9999 -9999 -9999 -9999 -9999 -9999 -9999 -9999 -9999 -9999 -9999 -9999 -9999 -9999
0.2 0.17 0.21 0.21 0.15 0.16 0.159 0.159 0.21 0.21 0.26 0.2 0.22 0.179 0.26 0.27 0.45 0.47 0.57 0.62 0.51 0.52 0.5 0.56 0.76 0.98 0.82 0.75 0.8 0.76 0.78 0.77 0.64 0.81 0.65 0.81 0.76 0.52 0.69 0.69 0.62 0.54 0.45 0.45 0.49 0.49 0.5 0.63 0.57 0.62 0.65 0.64 0.5 0.62 0.62 0.74 0.86 0.79 0.64 0.52 0.53 0.43 0.43 0.45 0.54 0.53 0.5 -9999 -9999 -9999 -9999 -9999 -9999 -9999 -9999 -9999 -9999 -9999 0.54 0.54 0.52 -9999 -9999 -9999 -9999
0.15 0.15 0.17 0.14 0.15 0.16 0.159 0.19 0.22 0.22 0.23 0.2 0.29 0.31 0.33 0.32 0.45 0.49 0.42 0.42 0.51 0.38 0.48 0.63 0.7 0.64 0.77 0.66 0.7 0.66 0.74 0.62 0.61 0.63 0.69 0.54 0.51 0.54 0.49 0.49 0.43 0.45 0.47 0.62 0.6 0.53 0.66 0.74 0.7 0.71 0.79 0.66 0.61 0.64 0.74 0.74 0.83 0.6 0.52 0.52 0.5 0.48 0.49 0.54 0.53 0.5 0.54 0.54 -9999 -9999 -9999 -9999 -9999 -9999 -9999 -9999 -9999 0.52 0.5 0.5 0.59 0.49 -9999 -9999 -9999
0.18 0.159 0.159 0.14 0.149 0.17 0.159 0.21 0.19 0.18 0.22 0.25 0.31 0.31 0.32 0.38 0.4 0.47 0.44 0.44 0.52 0.58 0.5 0.55 0.59 0.67 0.66 0.77 0.63 0.63 0.63 0.43 0.56 0.54 0.48 0.5 0.49 0.45 0.48 0.48 0.54 0.53 0.69 0.74 0.74 0.74 0.7 0.73 0.79 0.79 0.73 0.81 0.61 0.71 0.66 0.62 0.71 0.71 0.64 0.53 0.54 0.5 0.51 0.52 0.5 0.63 0.69 0.56 0.48 -9999 -9999 -9999 -9999 -9999 -9999 -9999 0.7 0.6 0.69 0.62 0.71 0.56 0.56 -9999 -9999
0.18 0.153 0.142 0.155 0.157 0.14 0.21 0.19 0.21 0.18 0.15 0.159 0.17 0.23 0.25 0.34 0.45 0.44 0.53 0.49 0.52 0.66 0.63 0.46 0.65 0.56 0.77 0.66 0.71 0.58 0.7 0.7 0.54 0.31 0.46 0.45 0.45 0.43 0.47 0.47 0.52 0.62 0.51 0.97 0.84 0.93 0.66 0.72 0.72 0.85 0.77 0.97 0.76 0.56 0.52 0.61 0.64 0.7 0.62 0.54 0.49 0.52 0.61 0.71 0.62 0.6 0.64 0.69 0.43 0.44 0.49 0.65 0.71 0.74 0.71 0.74 0.72 0.7 0.65 0.62 0.65 0.62 0.56 0.6 -9999
0.16 0.146 0.13 0.144 0.149 0.13 0.16 0.17 0.159 0.15 0.18 0.159 0.19 0.25 0.24 0.26 0.32 0.34 0.43 0.49 0.6 0.66 0.64 0.55 0.54 0.6 0.77 0.63 0.63 0.46 0.51 0.39 0.38 0.29 0.45 0.45 0.43 0.5 0.69 0.69 0.61 0.7 0.78 0.86 0.81 0.79 0.67 0.92 0.87 0.67 0.75 0.73 0.73 0.61 0.7 0.61 0.65 0.74 0.62 0.69 0.54 0.63 0.73 0.61 0.6 0.6 0.52 0.69 0.53 0.5 0.49 0.58 0.52 0.57 0.63 0.74 0.81 0.74 0.84 0.61 0.71 0.61 0.72 0.84 -9999
0.16 0.14 0.15 0.11 0.12 0.155 0.16 0.15 0.21 0.22 0.23 0.19 0.21 0.31 0.28 0.34 0.34 0.35 0.43 0.53 0.6 0.52 0.58 0.51 0.5 0.64 0.56 0.56 0.47 0.36 0.45 0.47 0.49 0.47 0.45 0.6 0.61 0.56 0.74 0.74 0.97 0.81 0.75 0.77 0.81 0.97 0.77 0.96 0.91 0.75 0.78 0.93 0.67 0.56 0.62 0.74 0.74 0.65 0.5 0.69 0.61 0.65 0.7 0.79 0.52 0.56 0.62 0.52 0.55 0.45 0.54 0.69 0.5 0.59 0.7 0.61 0.74 0.74 0.73 0.7 0.65 0.7 0.76 0.79 -9999
0.11 0.12 0.16 0.14 0.11 0.12 0.17 0.2 0.26 0.23 0.17 0.17 0.2 0.24 0.29 0.3 0.35 0.44 0.47 0.52 0.6 0.6 0.54 0.51 0.41 0.51 0.45 0.39 0.36 0.52 0.62 0.6 0.48 0.45 0.34 0.4 0.7 0.71 0.74 0.74 0.86 0.75 0.91 0.82 0.75 0.87 1.05 0.96 0.96 0.97 0.97 0.74 0.71 0.6 0.62 0.7 0.74 0.62 0.58 0.6 0.76 0.62 0.61 0.56 0.69 0.62 0.6 0.5 0.46 0.38 0.49 0.69 0.69 0.69 0.62 0.62 0.71 0.74 0.7 0.74 0.76 0.79 0.76 0.81 0.78
0.15 0.13 0.14 0.13 0.11 0.1 0.17 0.19 0.22 0.24 0.2 0.15 0.16 0.24 0.34 0.28 0.33 0.43 0.48 0.5 0.52 0.49 0.44 0.45 0.44 0.36 0.36 0.36 0.48 0.51 0.66 0.63 0.45 0.38 0.3 0.37 0.6 0.66 0.81 0.81 0.83 0.93 0.84 0.97 0.79 0.75 0.82 0.96 0.96 0.9 0.94 0.64 0.71 0.56 0.74 0.74 0.52 0.71 0.71 0.7 0.79 0.62 0.71 0.52 0.49 0.45 0.53 0.54 0.48 0.43 0.48 0.5 0.52 0.56 0.62 0.61 0.61 0.81 0.78 0.79 0.84 0.83 -9999 -9999 -9999
0.14 0.12 0.13 0.11 0.13 0.15 0.15 0.19 0.23 0.24 0.24 0.27 0.28 0.34 0.29 0.3 0.33 0.37 0.46 0.51 0.52 0.44 0.41 0.43 0.6 0.47 0.45 0.42 0.55 0.48 0.51 0.45 0.36 0.35 0.45 0.45 0.61 0.64 0.74 0.74 0.79 0.79 0.67 0.86 0.93 0.75 0.91 0.96 0.94 0.91 0.97 0.97 0.72 0.96 0.92 0.75 0.7 0.76 0.74 0.76 0.74 0.7 0.78 0.65 0.47 0.5 0.52 0.52 0.5 0.53 0.54 0.43 0.55 0.69 0.62 0.71 0.71 0.74 0.8 0.83 -9999 -9999 -9999 -9999 -9999
0.12 0.08 0.07 0.08 0.1 0.15 0.17 0.24 0.24 0.27 0.32 0.27 0.31 0.29 0.29 0.33 0.35 0.33 0.41 0.41 0.44 0.44 0.54 0.6 0.65 0.3 0.46 0.45 0.49 0.48 0.59 0.49 0.45 0.54 0.53 0.66 0.7 0.74 0.73 0.73 0.84 0.97 0.86 0.83 0.77 0.83 0.96 0.86 0.83 0.76 0.79 0.93 0.86 1.1 0.96 0.97 0.83 0.76 0.56 0.74 0.75 0.92 0.78 0.7 0.52 0.56 0.63 0.57 0.69 0.52 0.52 0.48 0.5 0.5 0.65 0.56 0.61 0.7 0.78 0.76 0.66 -9999 -9999 -9999 -9999
0.11 0.07 0.07 0.07 0.11 0.13 0.18 0.2 0.27 0.28 0.29 0.24 0.27 0.25 0.31 0.38 0.37 0.33 0.33 0.44 0.55 0.49 0.65 0.6 0.51 0.47 0.43 0.48 0.55 0.59 0.55 0.52 0.52 0.5 0.62 0.66 0.79 0.76 0.78 0.78 0.82 0.96 0.96 0.96 0.89 0.96 0.97 0.88 0.96 0.86 0.78 0.86 0.96 0.96 1.05 0.82 0.96 0.93 0.81 0.81 0.9 1.05 0.88 0.72 0.76 0.66 0.56 0.62 0.56 0.7 0.6 0.49 0.35 0.56 0.56 0.64 0.7 0.74 0.63 0.52 0.74 0.93 -9999 -9999 -9999
0.13 0.09 0.09 0.11 0.15 0.15 0.21 0.22 0.22 0.29 0.35 0.22 0.27 0.28 0.28 0.42 0.32 0.25 0.38 0.49 0.52 0.55 0.55 0.6 0.6 0.55 0.45 0.56 0.51 0.51 0.55 0.6 0.76 0.62 0.58 0.73 0.93 0.75 0.96 0.96 0.96 0.91 1 0.95 1.05 0.87 0.96 0.96 1.05 1.05 1 1.05 0.94 1.05 0.89 1.1 0.95 0.86 0.86 0.87 1.1 0.96 0.99 0.67 0.84 0.7 0.74 0.76 0.7 0.71 0.64 0.52 0.52 0.65 0.62 0.61 0.74 0.74 0.54 0.7 0.79 0.72 0.96 -9999 -9999
0.16 0.16 0.14 0.15 0.18 0.18 0.19 0.3 0.23 0.27 0.33 0.26 0.31 0.34 0.32 0.38 0.29 0.29 0.36 0.44 0.47 0.52 0.5 0.52 0.51 0.44 0.35 0.44 0.47 0.54 0.72 0.62 0.6 0.6 0.64 0.75 0.75 0.86 0.96 0.95 1.05 1 1.1 1.05 1.05 1.05 1.3 1.05 0.91 1.05 1.26 0.98 0.95 0.96 0.96 1.1 0.95 0.96 1.05 0.91 0.95 0.96 0.89 0.87 0.75 0.74 0.61 0.71 0.64 0.6 0.65 0.62 0.52 0.53 0.54 0.62 0.65 0.48 0.54 0.64 0.73 0.84 0.81 -9999 -9999
0.18 0.16 0.15 0.189 0.19 0.19 0.17 0.22 0.22 0.23 0.28 0.22 0.35 0.35 0.32 0.35 0.42 0.45 0.41 0.46 0.46 0.52 0.47 0.46 0.41 0.41 0.33 0.25 0.38 0.52 0.49 0.63 0.64 0.73 0.75 0.73 0.79 0.97 0.92 0.92 1.05 1.24 1.15 0.84 0.74 1.1 1.24 0.95 1 0.95 1.1 1 1 1.1 0.92 0.83 0.78 0.82 0.95 0.98 1 1.05 1.05 0.92 0.93 0.83 0.75 0.77 0.76 0.62 0.52 0.52 0.6 0.53 0.52 0.62 0.63 0.49 0.56 0.61 0.81 0.74 0.74 0.78 -9999
0.19 0.17 0.171 0.205 0.196 0.18 0.205 0.34 0.33 0.27 0.31 0.28 0.26 0.25 0.3 0.33 0.41 0.39 0.41 0.43 0.44 0.52 0.45 0.42 0.31 0.33 0.34 0.43 0.53 0.45 0.55 0.59 0.61 0.72 0.58 0.68 0.75 0.85 1 1 0.9 0.91 0.95 1 0.92 0.98 1.22 1.3 1.05 0.96 0.98 1.26 0.96 0.92 0.97 0.77 0.97 0.85 0.86 1.05 1.05 0.97 0.9 0.9 0.73 0.79 0.72 0.73 0.7 0.7 0.74 0.62 0.69 0.69 0.47 0.5 0.62 0.52 0.54 0.5 0.6 0.78 0.74 0.84 0.93
0.18 0.21 0.21 0.194 0.22 0.205 0.23 0.28 0.36 0.31 0.34 0.4 0.32 0.26 0.31 0.37 0.37 0.37 0.35 0.49 0.44 0.44 0.41 0.33 0.31 0.35 0.35 0.48 0.47 0.38 0.63 0.6 0.54 0.49 0.48 0.7 0.84 0.86 0.82 0.82 0.95 1 1 0.95 0.9 1.15 1.23 1.23 1.41 1.22 0.98 0.91 0.96 1.05 0.92 0.96 1 0.82 0.97 0.72 0.84 0.78 0.76 0.72 0.82 0.82 0.73 0.62 0.51 0.74 0.76 0.68 0.63 0.49 0.41 0.49 0.53 0.63 0.56 0.56 0.52 0.64 0.72 0.81 0.75
0.21 0.23 0.193 0.3 0.3 0.26 0.25 0.25 0.34 0.45 0.193 0.24 0.4 0.29 0.31 0.38 0.4 0.38 0.35 0.39 0.38 0.36 0.38 0.44 0.43 0.48 0.4 0.36 0.51 0.55 0.52 0.65 0.6 0.65 0.48 0.75 0.86 0.82 0.86 0.86 0.96 0.96 0.95 1.2 0.52 0.95 1.22 1.27 1.05 0.87 0.75 0.82 0.89 0.9 1.1 1.23 1.15 0.96 0.96 0.9 0.93 0.79 0.78 0.72 0.65 0.64 0.71 0.71 0.71 0.74 0.62 0.61 0.71 0.74 0.53 0.69 0.69 0.58 0.52 0.69 0.6 0.62 0.79 0.81 0.78
0.3 0.25 0.24 0.26 0.33 0.27 0.33 0.22 0.27 0.43 0.41 0.41 0.35 0.33 0.33 0.35 0.38 0.32 0.43 0.4 0.38 0.45 0.44 0.55 0.43 0.47 0.32 0.3 0.49 0.53 0.51 0.65 0.54 0.63 0.63 0.75 0.87 0.92 0.86 0.86 0.91 1 1.24 0.98 1.15 1.24 1.22 1.05 0.95 1.05 1.05 0.96 0.95 1.05 0.92 1.15 0.86 0.75 0.92 0.82 0.89 0.96 0.85 0.75 0.76 0.7 0.76 0.62 0.52 0.65 0.55 0.6 0.52 0.62 0.52 0.52 0.54 0.54 0.49 0.69 0.49 0.56 0.78 0.84 0.67
0.34 0.29 0.34 0.25 0.33 0.34 0.29 0.29 0.36 0.45 0.45 0.39 0.41 0.35 0.35 0.29 0.31 0.33 0.34 0.46 0.44 0.34 0.45 0.46 0.41 0.39 0.43 0.4 0.47 0.44 0.51 0.57 0.61 0.61 0.64 0.7 0.86 0.86 0.82 0.82 1 1.05 1.1 1.1 1.23 1.29 1.31 1.26 1.22 1.15 1.23 0.95 0.96 0.89 0.96 0.77 0.91 1.05 0.96 0.97 0.78 0.75 0.85 0.92 0.85 0.75 0.73 0.7 0.7 0.7 0.65 0.63 0.55 0.54 0.63 0.54 0.55 0.58 0.54 0.54 0.43 0.74 0.83 0.75 0.84
0.29 0.206 0.193 0.33 0.34 0.34 0.33 0.34 0.32 0.45 0.4 0.37 0.36 0.33 0.28 0.33 0.27 0.37 0.35 0.45 0.51 0.45 0.39 0.36 0.47 0.46 0.45 0.4 0.53 0.54 0.56 0.64 0.61 0.64 0.65 0.63 0.97 0.97 1.05 1.05 1.27 1.24 1.1 1.15 1.2 0.98 1.23 1.24 1.37 1.24 1.1 0.96 0.83 0.79 0.81 1.15 0.95 0.82 0.82 0.82 0.96 0.82 0.92 0.76 0.74 0.84 0.62 0.63 0.66 0.62 0.6 0.63 0.55 0.55 0.61 0.54 0.55 0.54 0.5 0.57 0.48 0.76 0.67 0.82 0.86
0.24 0.34 0.34 0.33 0.33 0.35 0.35 0.34 0.29 0.29 0.34 0.35 0.27 0.55 0.44 0.39 0.32 0.34 0.44 0.42 0.45 0.45 0.44 0.49 0.47 0.41 0.46 0.43 0.54 0.55 0.59 0.64 0.69 0.7 0.75 0.69 0.82 0.88 1.05 1.05 1.24 1.22 1.24 1 1.27 0.98 1.27 1.38 1.27 1.46 1.23 0.89 1.23 1.2 1.24 1.23 1.15 1.15 0.97 0.91 0.91 0.96 0.96 0.86 0.88 0.79 0.65 0.61 0.7 0.66 0.71 0.65 0.65 0.46 0.51 0.48 0.54 0.54 0.51 0.56 0.48 0.97 0.81 0.97 0.86
0.33 0.32 0.33 0.33 0.33 0.37 0.37 0.32 0.31 0.27 0.29 0.34 0.34 0.27 0.35 0.32 0.33 0.303 0.34 0.35 0.36 0.43 0.42 0.36 0.35 0.28 0.34 0.42 0.49 0.55 0.65 0.69 0.61 0.75 0.75 0.73 0.91 0.97 0.87 0.87 1 1.23 1 1.23 1.38 1.22 0.95 1.15 1.23 1.38 0.98 1.05 1.24 1.28 1.41 1.39 1.23 1 0.96 0.92 0.82 0.82 0.82 0.89 0.85 0.56 0.66 0.74 0.65 0.65 0.64 0.61 0.61 0.54 0.54 0.49 0.49 0.54 0.61 0.65 0.48 0.74 0.79 0.78 0.96
0.37 0.33 0.33 0.34 0.193 0.28 0.33 0.32 0.25 0.34 0.35 0.33 0.34 0.29 0.27 0.27 0.309 0.33 0.23 0.27 0.4 0.29 0.3 0.24 0.19 0.24 0.3 0.3 0.41 0.47 0.53 0.61 0.7 0.82 0.75 0.85 0.76 0.71 0.75 0.75 0.89 0.95 1 1.34 1.24 1.15 1.05 1.1 1 1.05 0.88 0.98 1.38 1.4 1.41 1.22 1.15 1.38 0.89 0.89 0.91 0.91 0.99 0.97 0.97 0.79 0.62 0.5 0.63 0.71 0.6 0.61 0.57 0.45 0.43 0.48 0.54 0.54 0.54 0.52 0.49 0.7 0.7 0.84 0.92
