input/bfa/bfa_travel.asc
ncols         173
nrows         126
xllcorner     224227.65281
yllcorner     1039207.04677
cellsize      5000
NODATA_value  -9999
[rows 34 to 67 of 126, columns 75 to 149 of 173]
86.68 120.96 114.2 95.24 83.92 132.44 177.84 174.84 135.08 97.52 64.2 51.68 80.16 120.68 180.76 172.64 116.84 106.84 106.88 79.16 99.36 146.56 131.36 75.8 95.72 116.72 65.68 49.08 97.52 153.96 171.52 115.56 87.32 117.52 131.52 97.6 75.16 49.24 28.24 52.64 70.76 109.6 129.96 81.56 98.16 158.96 180.56 141.52 144.6 184.44 249.2 290.28 236.48 181.4 119.8 69.4 74.84 76.88 98.96 100.72 134.28 153.2 164.32 182.64 193.16 230.72 271.2 -9999 -9999 -9999 -9999 -9999 -9999 -9999 -9999
46.96 70.84 62.72 55.8 68.36 102.48 136.56 185.16 182 146.64 99.96 55.6 64.84 110.72 155.64 172.8 119.4 89.52 80.72 76.44 62.8 87.76 97.88 57.28 78.56 63.88 44.84 55.32 88.56 137.48 158.4 109.72 81.16 85.8 129.24 98.96 57.52 32.8 23.76 39.56 50.36 76.32 90.12 64.32 104.2 158.84 141.72 152.08 195.84 227.16 271.08 282.32 245.24 205.4 141.92 90 59.68 68.72 86.44 114.52 122.44 116.72 127.48 137.92 151.8 176.48 214.52 248.56 269.45 -9999 -9999 -9999 -9999 -9999 -9999
36.92 36.84 39.08 41.4 63.68 75.96 120 180.44 202.52 178.8 133.84 69.28 53.32 71.2 116.72 159 111.56 89.08 72.12 80.56 69.44 44.84 47.08 34.76 44.52 41.12 58.96 69.68 81.48 102.64 112.44 99.12 105.36 67.4 86.8 60.6 32.48 49.64 21.56 57.04 48.52 51.16 53.92 64.96 112.8 122.32 127.44 177.04 220.32 257.2 273.2 231.52 191 175.44 127.56 75.72 68.24 71.76 80.44 92.16 120.36 145 171.56 187.6 164.68 162.24 180.4 199.4 217.08 218.1667 -9999 -9999 -9999 -9999 -9999
71.32 58.96 48.28 48.88 50.04 73.8 106.96 154.12 153.72 126 122.68 67.48 53.64 64.08 105.52 126.24 120.76 75.12 80.2 62.76 52.92 45.88 34.64 65.92 57.48 64.08 83.8 84 82.16 78.12 83.64 114.68 117.96 67.28 61.24 38.36 58.32 72.04 21.28 52 40.44 40.48 44.56 64 83.68 107.8 145.72 147.28 173 227.44 238.48 192.4 146.08 127.28 112.16 80.76 105.16 126.16 117.28 98.24 114.36 140.4 178.12 193.56 179.72 176.92 217.44 207.3 232.5 267.0435 226.96 -9999 205.3913 -9999 -9999
94.48 68.4 61.16 57.96 51.96 61.48 64.68 93.92 85.84 66.96 77.16 50.8 41.64 42.08 44.6 55 74.28 76.68 66.92 94.12 43.44 28.16 45.56 88.96 59.72 79.08 93 102.52 83.16 62.64 99.8 99.16 83.8 65.08 39.4 65.16 110.2 85.24 29.08 20.48 21.52 27.64 42.48 84.56 89.16 116.64 118.6 93.76 136.72 202.52 211.76 154.12 119.2 111.2 103.76 105.28 115.04 161.48 144.44 124.6 129.52 124.32 133.92 147.64 185.04 194.12 229.6 -9999 -9999 -9999 254.875 -9999 -9999 -9999 -9999
128.68 84.68 78.56 76.96 65.12 107.48 83.64 59.68 54.8 52.8 55.16 48.68 37.8 54.84 51.96 33.68 47.04 55.48 48.56 94.12 70.88 36 37.24 53.32 50.04 69.28 75.96 60.68 70.16 44.6 54.08 42.2 43.12 49.32 45.08 62.76 100.36 65.12 27.76 9.8 11.44 16.28 53.08 109 98.6 66.56 67.72 80.36 131.72 200.24 209.48 143.64 142.68 165.68 156.76 138.68 127.36 134.36 162.56 165.56 188.88 168.2 159.6 154.32 157 170.6 188.8 -9999 -9999 -9999 -9999 -9999 -9999 -9999 -9999
112.16 116.88 83.84 83.4 77.08 99.56 90.56 69.64 67.04 72.56 98.16 68.2 51 81.96 107.92 71.36 44.48 33.96 21.08 44.64 72 26.88 20.92 23.64 63.88 62.32 54.92 52.56 46.24 30.76 38.52 60.24 86.76 105.48 79.52 48.08 54.8 34.4 43.52 33.64 6.28 11.8 49.72 74.96 59.76 52.56 81.32 99 130.68 189 212.8 155.88 150.48 184.64 190 186.12 181.16 143.84 181.96 212.6 206.92 200.36 207.8 203.96 177.56 182.68 191.92 -9999 -9999 -9999 -9999 -9999 -9999 -9999 -9999
88.8 101.8 93.2 94.76 89.28 98.84 101.76 114.56 114.44 91.12 72.92 70.84 49.28 93.36 118.16 122.6 104.44 74 31.12 18.16 40.88 53.72 36.64 24.16 49.96 48.28 41.28 36.92 25.32 38.08 58.16 113.88 144.84 127.28 87.96 53.08 67.72 49.2 61.4 25.68 29.64 16.12 18.92 31.96 43.52 64.68 107.28 148.68 168.48 179.04 172.16 149.64 140.28 167.04 212.6 239.32 201.32 159.2 170.28 203.44 235.28 263.08 239 204.16 208.76 238.4 251.64 -9999 -9999 -9999 -9999 -9999 -9999 -9999 -9999
98.24 93.76 79.52 98.8 126.72 114.88 107.04 148.76 142.08 102.28 80.88 72.84 49.4 68.08 82.04 97.52 95.52 83.2 43.72 29 12.48 24.2 19.4 21.08 36.48 22.96 26.72 19.12 41.16 54.64 78.56 136.76 127.64 91.68 67.04 54.24 72.72 64.36 47.04 41.8 77.96 41.44 16.88 54.04 91.36 101.72 133.6 184.28 194.52 175.72 152 129.4 142.36 174.36 217.68 271.32 245.68 222.68 206.2 192.28 206.8 249.76 245.2 233.24 263.36 293.24 318.68 -9999 -9999 -9999 -9999 -9999 -9999 -9999 -9999
84.56 70.92 95.88 106.2 143.72 123.08 96.24 128.48 110.6 78.6 68.56 58.08 49.96 70.6 85.36 87.32 56.32 57.88 43.4 51.4 29.2 7 5.96 19 17.32 17.76 36.08 25.64 34.44 55.96 80.12 123.72 90.64 86.2 70.72 58.88 90 79.4 52.24 67.48 72.12 25.56 35.24 88.28 132.4 150.92 130.44 139.76 143.12 114.32 113.52 148.56 162.64 200.88 254.36 305.44 303.6 284.8 264.88 245.44 233.76 226.92 240.88 253.96 305.52 307.8 316.52 -9999 -9999 -9999 -9999 -9999 -9999 -9999 -9999
60.64 84.8 95.76 79.76 74.48 75.24 75.88 86.88 83.4 83.04 61.32 59.84 58.52 99.44 65.44 95.6 56.64 41.48 37.64 20.6 15.72 6.12 3.32 10.28 18.16 44.24 71.28 31.56 52 56 58.12 81.96 91.4 136.16 114.16 64.56 73.16 71.88 54.4 77.04 75.76 22.4 30.96 52.56 106.96 152 115.8 93.64 96.84 103.04 135.24 176.76 176 189.8 241.2 292.96 319.72 302.52 279.48 275.8 249.76 205.08 237.6 249.2 261.4 267.16 275.8 -9999 -9999 -9999 -9999 -9999 -9999 -9999 -9999
52.32 66.08 56.48 49.32 54.2 58 58.12 62.68 69.56 64.92 60.72 45.88 55.64 78.8 46.48 49.24 36.32 21.16 22.84 39.32 21.12 18 11.92 15 12.84 47.48 85.84 39.08 69.12 98.4 76.64 89.76 122.68 163.88 124.16 66.32 67.16 77.8 56.84 76.4 61.08 30.24 13.24 36.44 86.28 117 95.72 79.04 75.64 110.72 175.08 221.52 230.8 197.8 201.44 239 260.6 245.12 222.08 219.72 211.04 179.6 203.12 238.16 255.8 234.92 227.2 -9999 -9999 -9999 -9999 -9999 -9999 -9999 -9999
36.16 43.84 60.72 63.88 82.32 76.32 57.84 59.88 54.04 51.68 43.48 39.08 35.92 34.88 31.32 26.32 22.12 35.28 68.16 101.92 49.92 15.96 21.52 30.56 24.56 21.8 52.44 39.88 55.44 125.84 135.48 146.68 145.2 127.44 99.44 62.84 62.88 56.68 45.88 36.16 22.72 14.76 5.96 26.36 44.24 61.84 56.32 74.2 114.08 134.16 190.84 211.92 204.72 191.12 166.68 186.28 205.6 189.24 169.16 195.08 197.32 160.52 185.8 233.92 222.04 211.2 228.24 248.36 270.04 332.52 399.3333 -9999 -9999 -9999 -9999
53.44 79.92 72.12 70.52 102.2 123.92 86.28 72.64 72.24 100.12 65.8 60.84 45.64 62.44 67.92 57.44 46.44 50.72 85.16 90.32 57.72 19.92 24.88 35.52 34.32 37.92 23.12 29.48 55.56 99.56 92.2 84.88 82.44 77.96 69.44 55.44 68.76 72.84 79.96 47.64 27.76 26.16 11.24 21.56 31.76 37.44 77.64 103.52 159.28 193.96 199.88 156.36 159.04 173.52 167.2 143.28 165.76 149.84 125.28 149.56 151.52 141.8 168.44 193.04 185.92 216.48 260.28 306.12 336.4 376 388.96 349.7083 -9999 -9999 -9999
55.64 75.56 59.72 74.72 135.28 170.56 132.2 91.28 83.28 95.16 97.88 53.68 39.6 89.08 117.48 110.52 67.48 52 93.28 59.12 47.2 45.08 17.48 38.6 53.68 55.96 60.08 31.32 33.28 41.48 43.12 60.24 77.04 89.28 61.92 67.76 82.6 81.64 95.32 56.72 59.64 65.44 19.08 40.88 69.04 50.24 101.36 162.44 208.88 232.64 211.68 159.16 119.36 129.64 140.56 129.12 138.32 111 118.32 124.4 136.12 169.76 156.36 165.72 176.76 191.28 240.4 306.12 347.08 353.48 312.64 279.48 253.32 -9999 -9999
42.16 39.56 48.44 56.76 96.28 123.64 95.84 110.92 88 69.84 79.4 52.88 40.6 55.68 89.88 92.68 73.6 78.04 78.68 69.6 83.8 50.96 20.44 44.44 63.68 48.2 68.56 53.8 45.72 46.44 42.84 41.36 63.28 69.24 54.4 84.32 106.12 70.48 82.08 63.84 77.72 68.88 23 55.52 79.64 60.56 117.12 187.96 210.36 181.44 187 190.08 139.96 103.16 106.52 143.6 121.96 105.76 102.68 127.76 175.48 187.68 173.08 211.08 227.6 205.8 218.8 254.68 273.4 304.36 248.28 230.04 236.56 231.16 -9999
61.16 42.2 38 43 46.68 58.84 69.08 81.84 67.24 65.88 45.24 45.96 38.24 68.56 97.64 115.48 75.16 74.72 85.64 73.4 55.08 36.16 23.24 29.4 34.2 33.24 36.2 40.36 59.4 57.04 70.24 59.88 45.4 60.92 46.2 98.44 132.4 80.36 60.12 64.24 66.2 74.28 25 41.08 48.12 82.84 141.68 168.84 150.76 124.16 146.32 180.88 141.68 109.88 96.76 124.68 105.08 92.6 106.8 168.2 189.88 195.24 218.52 257.56 295.84 267.32 228.48 223.56 216.36 256.24 224.08 223.96 226.16 230.96 293.8
57.52 54.52 42.8 32 35.36 54.28 91.4 91.16 69.24 54.48 63.24 53.48 28.92 47.64 85.48 108.48 74.56 60.16 84.64 59.76 29.24 38.72 37 50.76 63.52 82.8 50.52 60.56 41.68 50.52 51.24 80.64 44.6 53.56 53.12 104.24 87.12 65.52 43.72 43 44.44 57.56 23.8 35.28 55 74.64 100.24 112.6 98.64 124.84 160.76 162.52 107.28 95.16 87.44 89.8 83.32 79.96 131.88 193 224.8 235.2 260.2 249.08 241.12 244.56 244.44 228.76 194.28 212.6 196.68 207.92 197.72 223.28 290.32
66.72 59.2 49.64 34.68 29.52 46.48 107.48 95.28 68.48 61.24 87.24 66.16 35.56 82.64 89.72 71.08 48.52 60.64 45.04 29.6 46.96 70.56 47.76 72.64 79.4 82.84 78.72 63.68 77.8 78.92 52.96 58.44 50.72 37.16 56.56 59.04 46.88 52.08 39.52 37 36.6 31.08 24.52 36.64 70.28 96.56 76.96 89 122.08 141.84 134.64 127.52 102.8 103.36 74 63.72 66.36 91.68 105.08 148.76 162.08 152.56 177.04 179.04 162.6 170.4 174.68 188.8 221.68 205.88 175.76 191.04 182 180.8 240.88
68.44 55.28 45.04 32.56 25 35.96 82.28 68.52 73.6 55.52 40.56 28.92 21.88 48.72 57.8 49.72 36.64 66.04 44.44 28.76 49.88 63.92 64.36 60.64 104 110.24 77.2 73.64 106.92 109.68 59.8 41.64 34.96 32.44 44.2 69 87.88 79.04 49 63.28 64.84 84.92 61.16 29.92 67.24 71.8 74.08 110.4 111.56 93.52 108.96 132.36 136.56 118.32 71.64 63.96 52.92 67.44 87.88 94.88 105.68 123.24 129.4 145.04 170.4 194.2 220.88 255.28 232.28 181.28 169.12 229.2 189.8 162.44 186.88
72.72 62.24 50.6 38.56 26.6 24.12 43.36 53.4 44.76 51.64 35.8 21.6 31.52 39.36 38.72 44.12 35.2 29.12 26.48 43.76 48.88 64.96 79.08 74.4 87.32 120.92 91.72 79.76 83.36 55.44 59.72 50.44 45.92 34.2 48.8 104.04 113.52 67.76 81.44 77.4 97.28 107.12 63.8 38.6 36.6 54.2 90.96 85.72 81.04 94.8 130.8 196.24 197.04 117 52.56 62.48 90.12 71.68 100.76 135.84 164.44 194.84 204.6 221.24 244.76 273.88 280 254.4 212.48 154.72 179.92 262.08 209.92 151.4 202.84
75.68 63.36 53.92 41.2 30.32 20.96 36.84 41.08 58.08 27 31.96 13.88 35.08 34.56 39.52 27.12 21.32 14.76 27.28 49.92 57.48 67.52 84 76 110.4 109.56 111.88 76.08 109.2 57.32 87.36 92.56 69.68 55.44 31.4 67.12 84.92 62.52 97.96 89.8 118.96 106.4 103.84 83.16 40.88 42.72 88.16 66.72 68.76 109.4 157.28 240.6 237.28 136.24 55.56 97.28 160.24 124.44 92.36 104.64 155.76 207.04 201.52 186.04 204.24 246.88 225.6 203.92 217.48 138.6 165.36 242.48 211.36 137.6 187.36
80.16 69.44 57.44 41.56 34.76 28.32 17 17.52 23.84 15.52 15.24 7.2 26.96 19.96 34.92 17.52 15.48 22.68 32.24 60.08 50.8 70.2 66.16 82.2 140.16 116.72 93.6 67.44 84.68 65.76 56.36 84.92 66.68 62.24 27.48 39.12 44.72 55.2 77.44 86.44 139.64 146.44 123.84 62.2 40.76 46.04 45.52 51.8 90.88 147.88 178.72 242.24 232.44 133.16 51.28 92.76 179.56 211.88 171.24 127.84 108.84 125.76 133.64 127 139 161.88 155.08 194.68 204.64 126.92 129.52 203.84 223.8 134.12 138.72
83.48 70.52 57.24 55.12 75.68 54.96 29.36 19.84 16.68 19.2 26.24 4.88 7.68 10.72 6.16 11.92 15.32 15.36 16.04 22.12 28.2 40.32 49.84 73.36 85.76 97.12 90.36 107.56 56.12 48.24 62.6 66.88 58.36 51.76 35.32 25 42.2 74.36 53.96 90.52 147.56 107.64 72.96 40.16 69.16 95.52 87.28 64.92 48.12 85.84 113.92 194 209.16 115.56 40.2 92.36 183.4 236.56 224.68 199.8 164.44 136.24 175.52 150.2 120 102.48 109.36 150.24 160.48 94 147.24 208.8 222.52 146.08 99.28
80.84 70.68 62.64 55.28 78.04 81.24 23.8 26.72 13.28 7 4.68 1.56 0.16 1.56 2.76 11.8 8.8 16.24 50.32 54.16 35.24 68.84 63.32 56.36 79.04 101.6 95.2 115.24 91.96 44.8 44.12 54.76 51.52 65.8 48.84 21.96 44.8 72.8 45.92 95.48 122.52 60.6 28.88 35.12 90.64 150.88 171.84 119.08 47.04 45.04 98.96 175.2 162.88 84.56 40.84 108.04 138.56 150.4 146.8 148.48 159.48 162.52 202.6 212.8 184.64 132.68 100.4 99.6 109.04 80.4 104.8 119.44 133.08 114.64 83.24
75.28 91.72 73.44 54.72 46.56 40.56 28.92 21.76 18.28 6.24 0.6 0 0 0 0.16 10.72 20.12 27 45.96 84.04 44 33.64 33.08 41.08 77.92 90.12 90.32 79.32 121.08 83.64 37.12 38.4 48.56 59.56 56.72 26.4 19 34.36 37.36 50.28 47.88 26.64 44.92 55.8 108.64 181.8 218.04 162.52 87.52 44.8 117.2 151.12 84.92 50.44 41.4 57.64 77 85.92 114.16 130.32 138.76 168.08 235.32 265.16 185.56 112 100.28 73.2 64.28 83.36 94.56 92.72 88.68 96.04 105.04
82.92 115.96 69.36 71.84 79.2 89 70 22.84 20.68 13.24 1.8 0 0 0 1.52 10.76 32.44 39.72 59.76 68.68 52.32 55.8 47 32.68 57.36 71.4 65.32 61.4 77.64 73.4 50.24 28.92 48.68 47.8 34.68 20.16 10.92 26.4 21.76 19.12 23.36 51.92 83.04 82.32 104.96 179.2 147.88 113.96 82.84 38.76 75.56 104.76 54.08 30.48 86.96 115.64 136.48 134.2 126.28 169.2 155.08 142.96 196.44 243.16 179.72 121 99.16 64.44 91.64 99.4 128.4 172.56 173.2 185.8 185.44
75.24 105.52 86.2 71.96 59.96 50 46.12 21 11.04 5.24 2.76 0 0 0 4.12 16.52 33.96 47.44 75.68 119.12 85.8 75.96 70.04 61.68 58.88 44.84 41.32 39.8 60.12 55.32 71.08 34.28 43.32 58.48 33 28.12 7.84 14.76 11 20.8 69.2 71.64 82.24 76.04 115.96 160.44 105.4 69.6 70.44 54.56 31.96 50.8 26.76 27 57.4 76.52 91.56 103.48 137.84 164.28 211.8 142.16 145.44 181.52 154.56 88.44 69.08 77.56 146.76 186.68 201.28 231.76 258.24 276.48 253.68
48 63.88 57.56 70.48 59.92 43.28 61.56 23.32 9.08 19.12 11.52 3.64 0.72 4.84 5 19.2 33.6 73.24 128.28 165.88 135.8 97.08 66.56 71.52 82.92 72.08 56.12 39.52 41.76 37.32 38.76 23.12 22.08 35.48 35.6 19.16 1.36 18.28 19.12 35.24 55.56 83.16 66.28 57.48 94.96 111.4 87.64 86.16 95.92 99.24 37.24 30.2 31.72 26.64 95.4 100.28 149.2 152.92 116.04 166.56 230.08 155.24 100.16 116.68 172.88 129.8 59.16 93.08 152.8 200.36 176.96 171.92 208.4 252.32 285.56
28.12 34.92 46.08 42.56 44.24 29.84 24.84 15.44 21.36 18 20.2 14.88 5.16 26.72 11 16.36 25.2 46.56 82.12 100.48 107.28 116.56 97.92 90.64 87.64 64.32 58.52 52.2 63.6 46.16 42.08 35.04 25.52 31.32 16.68 18.92 10.6 11.84 12.96 29.8 46.12 44.04 40.48 44.2 70.4 72 67.44 55.76 69.68 52.76 75.84 78.08 19.36 23.68 107.72 168.72 174.6 122.12 86.48 155.08 243.64 210.24 127.8 75.84 124.36 92.92 50.76 62.76 93.72 123.36 95.24 83.8 123.48 161.36 205.2
47.28 30.36 33.12 42.64 30.36 40.2 26.88 29.4 29.84 19.16 21.36 13.08 17.16 38.48 20.04 16.6 49.24 73.28 100.92 119.04 133.4 178.6 133.76 103.92 101.56 81.56 63.28 75.48 70.16 68.92 60 71.96 45.8 41 34.4 27.2 16.28 10.76 5.16 12.24 12.08 22.84 19.92 26.04 27.08 44.04 41.44 38.28 37.04 34.12 63.52 71.08 18.12 40.4 75.44 124.32 90.48 61.52 101.12 178.2 236.24 215 140.96 77.08 69.28 53.4 58.08 80.44 76.28 65.08 78.68 90.08 75.6 87.16 124.48
35.76 56.64 52.36 62.6 62.8 95.56 63.08 45.28 42.16 37.16 33.52 17.32 31.28 19.84 32.08 23.56 24.92 54.64 114.6 155.08 195.44 208.64 183.76 124.64 108.48 88.52 89.68 90.76 95.12 63.16 75.48 101.36 54.72 52.04 77.48 89.64 46.52 9.68 21.56 29.28 29.52 39.24 33.16 29.92 36.96 58.84 35.92 29.08 28.2 19.24 20.4 20.6 24.08 10.52 38 44.84 39.96 75.56 138.96 156.72 146.04 141.56 106.8 45.92 59.16 86.28 92.24 84.72 97.64 117.4 132.76 103.92 120.88 118.36 93.64
80.12 58.12 71.2 74.52 79.56 119.6 69.2 68.24 70.92 55.08 35.72 18.52 30.04 34.16 45.4 40.68 19.12 34.24 50.8 103.88 131.44 132.04 182.76 128.6 111.8 112.32 127.16 103.32 114.44 74.32 80.76 68.76 63.68 111.6 153.72 124.2 42.72 18.24 30.76 37.6 53.24 50.52 45 53.76 48.68 49.36 54.48 85.32 74.08 37.24 34.96 31.56 8.16 1.96 8.12 8.52 21.04 62.72 88.72 68.92 52.52 51.88 46.6 51.12 119.56 173.28 184.24 169.16 133.88 123.52 122.8 115.76 120.32 134.64 146.88
118.28 104.32 97.24 91.28 116.88 95.36 95.52 127.48 116.48 62.88 31.96 23.52 52.76 55.96 49.92 38.04 40.04 25.28 37.84 55.72 68.96 109.96 194.68 170.88 129.56 157.2 130.72 114.16 104.88 87.4 85.84 89.28 76.24 132.48 186.04 122.32 45.28 29.56 22 39.08 44.72 58.52 52.48 66.64 55.84 71.16 102.08 124.6 121.08 49.84 42.44 32.68 28.4 16.84 16.84 27.72 31 22.44 25.24 33 56.72 75 78.92 56.24 101.4 177.72 232.32 251.28 219.76 201.32 196.76 191.72 183.48 184.36 174.72
