input/bfa/bfa_beta.asc
ncols         173
nrows         126
xllcorner     224227.65281
yllcorner     1039207.04677
cellsize      5000
NODATA_value  -9999
[rows 37 to 73 of 126, columns 0 to 84 of 173]
-9999 -9999 -9999 -9999 -9999 -9999 -9999 -9999 -9999 -9999 -9999 -9999 -9999 -9999 -9999 -9999 -9999 -9999 -9999 -9999 -9999 -9999 -9999 -9999 -9999 -9999 -9999 -9999 -9999 -9999 -9999 -9999 1.73 1.718 -9999 -9999 -9999 -9999 -9999 -9999 -9999 -9999 -9999 -9999 -9999 -9999 -9999 -9999 -9999 1.4 1.18 1.06 0.92 0.93 0.93 0.78 0.72 0.71 0.67 0.71 0.71 0.76 0.68 0.84 0.47 0.46 0.53 0.5 0.41 0.5 0.5 0.52 0.5 0.51 0.47 0.42 0.52 0.41 0.41 0.48 0.59 0.63 0.56 0.68 0.66
-9999 -9999 -9999 -9999 -9999 -9999 -9999 -9999 -9999 -9999 -9999 -9999 -9999 -9999 -9999 -9999 -9999 -9999 -9999 -9999 -9999 -9999 -9999 -9999 -9999 -9999 -9999 -9999 -9999 -9999 -9999 1.713 1.71 1.5 1.68 1.71 1.71 1.71 -9999 -9999 -9999 -9999 -9999 -9999 -9999 -9999 -9999 -9999 -9999 -9999 1.04 1.03 0.9 0.79 0.65 0.65 0.68 0.57 0.62 0.67 0.71 0.73 0.61 0.63 0.47 0.5 0.5 0.53 0.5 0.45 0.5 0.43 0.47 0.53 0.54 0.43 0.54 0.49 0.46 0.47 0.61 0.51 0.56 0.62 0.56
-9999 -9999 -9999 -9999 -9999 -9999 -9999 -9999 -9999 -9999 -9999 -9999 -9999 -9999 -9999 -9999 -9999 -9999 -9999 -9999 -9999 -9999 -9999 -9999 -9999 -9999 -9999 -9999 -9999 -9999 -9999 1.71 1.61 1.45 1.702 1.71 1.71 1.71 1.71 -9999 -9999 -9999 -9999 -9999 -9999 -9999 -9999 -9999 -9999 -9999 1.14 0.94 1.14 1.02 0.9 0.68 0.64 0.59 0.48 0.61 0.71 0.56 0.5 0.53 0.51 0.46 0.58 0.53 0.47 0.5 0.48 0.5 0.48 0.53 0.53 0.49 0.43 0.41 0.42 0.5 0.48 0.49 0.43 0.49 0.44
-9999 -9999 -9999 -9999 -9999 -9999 -9999 -9999 -9999 -9999 -9999 -9999 -9999 -9999 -9999 -9999 -9999 -9999 -9999 -9999 -9999 -9999 -9999 -9999 -9999 -9999 -9999 -9999 -9999 1.719 1.71 1.71 1.767 1.65 1.71 1.71 1.71 1.71 1.71 1.71 -9999 -9999 -9999 -9999 -9999 -9999 1.07 1.17 1.11 1.09 1.11 0.82 1.1 1.11 0.78 0.79 0.68 0.58 0.58 0.58 0.71 0.58 0.63 0.43 0.53 0.45 0.51 0.53 0.53 0.53 0.53 0.53 0.47 0.47 0.5 0.41 0.39 0.49 0.49 0.54 0.56 0.56 0.39 0.38 0.42
-9999 -9999 -9999 -9999 -9999 -9999 -9999 -9999 -9999 -9999 -9999 -9999 -9999 -9999 -9999 -9999 -9999 -9999 -9999 -9999 -9999 -9999 -9999 -9999 -9999 -9999 -9999 -9999 1.73 1.71 1.71 1.717 1.4 1.45 1.71 1.71 1.71 1.71 1.71 1.71 1.76 1.716 -9999 -9999 -9999 -9999 1.03 1.3 1.25 0.99 0.93 1.06 1.11 1.07 0.93 0.79 0.72 0.67 0.58 0.57 0.63 0.47 0.48 0.35 0.48 0.48 0.5 0.53 0.46 0.45 0.5 0.41 0.42 0.41 0.43 0.45 0.42 0.41 0.39 0.47 0.47 0.41 0.36 0.35 0.34
-9999 -9999 -9999 -9999 -9999 -9999 -9999 -9999 -9999 -9999 -9999 -9999 -9999 -9999 -9999 -9999 -9999 -9999 -9999 -9999 -9999 -9999 -9999 -9999 -9999 -9999 -9999 1.02 1.63 1.707 1.67 1.76 1.19 1.72 1.713 1.71 1.71 1.71 1.71 1.71 1.713 1.73 1.67 -9999 -9999 -9999 0.72 1.25 0.94 1 0.78 0.93 1.07 0.94 1.18 0.63 0.58 0.56 0.61 0.58 0.52 0.4 0.47 0.37 0.48 0.47 0.5 0.54 0.44 0.33 0.4 0.39 0.43 0.42 0.4 0.42 0.47 0.39 0.39 0.41 0.39 0.4 0.35 0.31 0.28
-9999 -9999 -9999 -9999 -9999 -9999 -9999 -9999 -9999 -9999 -9999 -9999 -9999 -9999 -9999 -9999 -9999 -9999 -9999 -9999 -9999 -9999 -9999 -9999 -9999 -9999 0.91 0.99 1.65 1.65 1.71 1.716 1.2 1.701 1.719 1.71 1.71 1.71 1.71 1.71 1.71 1.713 1.71 1.72 1.78 1.01 0.84 1.17 1.01 0.97 0.82 1.18 0.82 1.07 0.69 0.64 0.71 0.76 0.73 0.64 0.43 0.41 0.39 0.43 0.48 0.51 0.53 0.45 0.42 0.35 0.39 0.39 0.4 0.37 0.35 0.39 0.4 0.33 0.35 0.44 0.42 0.41 0.52 0.32 0.27
-9999 -9999 -9999 -9999 -9999 -9999 -9999 -9999 -9999 -9999 -9999 -9999 -9999 -9999 -9999 -9999 -9999 -9999 -9999 -9999 -9999 -9999 -9999 -9999 -9999 -9999 -9999 1.2 1.09 1.18 1.45 1.73 1.77 1.718 1.705 1.702 1.71 1.61 1.71 1.4 1.2 1.3 1.67 1.71 1.4 0.8 0.94 1.14 1.11 1.07 0.93 0.91 1.07 1.01 0.66 0.73 0.64 0.58 0.56 0.55 0.63 0.53 0.58 0.54 0.52 0.5 0.52 0.47 0.38 0.4 0.37 0.49 0.38 0.25 0.27 0.36 0.4 0.48 0.41 0.52 0.47 0.36 0.35 0.29 0.23
-9999 -9999 -9999 -9999 -9999 -9999 -9999 -9999 -9999 -9999 -9999 -9999 -9999 -9999 -9999 -9999 -9999 -9999 -9999 -9999 -9999 -9999 -9999 -9999 -9999 -9999 -9999 1.18 1.17 1.4 1.4 1.2 1.17 1.4 1.65 1.77 1.69 1.707 1.69 1.45 1.3 1.17 1.12 1.17 0.99 1.03 0.79 0.85 1.06 0.9 1.07 0.91 0.93 0.79 0.58 0.77 0.56 0.58 0.76 0.68 0.58 0.59 0.63 0.64 0.43 0.52 0.5 0.47 0.5 0.47 0.39 0.4 0.4 0.24 0.27 0.27 0.51 0.48 0.42 0.41 0.47 0.4 0.3 0.27 0.23
-9999 -9999 -9999 -9999 -9999 -9999 -9999 -9999 -9999 -9999 -9999 -9999 -9999 -9999 -9999 -9999 -9999 -9999 -9999 -9999 -9999 -9999 -9999 -9999 -9999 -9999 -9999 -9999 1.4 1.45 1.4 1.55 1.2 1.35 1.4 1.4 1.73 1.79 1.55 1.55 1.65 1.45 1.4 1.6 1.3 0.83 1.03 0.92 1.07 1 1.1 0.94 0.94 0.9 0.69 0.75 0.79 0.63 0.59 0.64 0.55 0.63 0.64 0.6 0.5 0.47 0.43 0.5 0.53 0.41 0.41 0.38 0.47 0.41 0.29 0.32 0.42 0.45 0.4 0.45 0.47 0.35 0.25 0.23 0.23
-9999 -9999 -9999 -9999 -9999 -9999 -9999 -9999 -9999 -9999 -9999 -9999 -9999 -9999 -9999 -9999 -9999 -9999 -9999 -9999 -9999 -9999 -9999 -9999 -9999 -9999 -9999 -9999 1.35 1.45 1.4 1.35 1.2 1.35 1.35 1.12 1.2 1.425 1.2 1.65 1.35 1.4 1.4 1.707 0.98 0.9 0.95 0.91 1.07 0.95 1.07 1.07 0.9 0.68 0.69 0.67 0.58 0.63 0.58 0.57 0.61 0.56 0.55 0.47 0.5 0.5 0.45 0.52 0.45 0.4 0.47 0.31 0.42 0.41 0.4 0.34 0.42 0.47 0.47 0.47 0.41 0.37 0.26 0.24 0.23
-9999 -9999 -9999 -9999 -9999 -9999 -9999 -9999 -9999 -9999 -9999 -9999 -9999 -9999 -9999 -9999 -9999 -9999 -9999 -9999 -9999 -9999 -9999 -9999 -9999 -9999 -9999 -9999 0.94 1.18 1.18 1.12 1.3 1.12 1.2 1.17 1.3 1.4 1.17 1.1 1.12 1.1 1.2 1.5 1.25 0.98 0.92 0.935 0.82 0.94 0.99 0.97 0.8 0.9 0.92 0.59 0.67 0.67 0.61 0.63 0.61 0.55 0.5 0.47 0.48 0.47 0.47 0.43 0.42 0.33 0.36 0.34 0.42 0.41 0.47 0.56 0.58 0.53 0.51 0.53 0.43 0.37 0.25 0.23 0.2
-9999 -9999 -9999 -9999 -9999 -9999 -9999 -9999 -9999 -9999 -9999 -9999 -9999 -9999 -9999 -9999 -9999 -9999 -9999 -9999 -9999 -9999 -9999 -9999 -9999 -9999 -9999 -9999 0.99 0.99 1.01 1.2 1.12 1.45 1.55 1.15 0.94 1.2 1.2 0.98 1.01 1.14 1.14 1.4 1.07 1.19 0.78 1.02 0.97 0.99 1.1 1 0.7 0.77 0.9 0.71 0.67 0.67 0.47 0.63 0.71 0.58 0.5 0.47 0.47 0.45 0.41 0.38 0.4 0.36 0.37 0.42 0.43 0.48 0.46 0.56 0.56 0.53 0.53 0.53 0.5 0.43 0.28 0.2 0.22
-9999 -9999 -9999 -9999 -9999 -9999 -9999 -9999 -9999 -9999 -9999 -9999 -9999 -9999 -9999 -9999 -9999 -9999 -9999 -9999 -9999 -9999 -9999 -9999 -9999 -9999 -9999 -9999 0.94 1.25 0.99 1.14 1.3 1.65 1.2 1.09 1.02 1.25 1.17 1.07 0.94 1.11 1.17 1.16 1.15 1.07 1.13 0.94 0.94 1.06 1 0.78 0.69 0.77 0.73 0.68 0.56 0.55 0.44 0.53 0.53 0.5 0.45 0.47 0.47 0.48 0.47 0.35 0.33 0.37 0.42 0.39 0.36 0.41 0.52 0.44 0.49 0.53 0.52 0.52 0.45 0.44 0.31 0.24 0.23
-9999 -9999 -9999 -9999 -9999 -9999 -9999 -9999 -9999 -9999 -9999 -9999 -9999 -9999 -9999 -9999 -9999 -9999 -9999 -9999 -9999 -9999 -9999 -9999 -9999 -9999 -9999 -9999 1.14 1.3 0.84 1.02 1.01 1.17 1.35 1.17 1.12 1.03 1.11 0.93 0.94 0.99 1.02 1.35 1.3 1.17 1.18 1.07 1.07 0.8 0.73 0.77 0.82 0.69 0.66 0.58 0.59 0.6 0.52 0.63 0.46 0.51 0.49 0.48 0.53 0.44 0.42 0.36 0.36 0.39 0.42 0.43 0.38 0.43 0.4 0.39 0.36 0.36 0.43 0.38 0.3 0.28 0.23 0.23 0.2
-9999 -9999 -9999 -9999 -9999 -9999 -9999 -9999 -9999 -9999 -9999 -9999 -9999 -9999 -9999 -9999 -9999 -9999 -9999 -9999 -9999 -9999 -9999 -9999 0.69 1 -9999 -9999 0.94 0.91 1.06 0.94 1.14 0.97 1.16 1.13 0.87 0.93 0.99 0.95 1.12 1.3 1.4 1.45 1.3 1.12 0.95 1.07 0.84 1.03 0.77 0.78 0.79 0.58 0.54 0.52 0.57 0.47 0.63 0.52 0.57 0.5 0.48 0.49 0.44 0.42 0.35 0.4 0.39 0.38 0.3 0.32 0.35 0.42 0.47 0.33 0.33 0.28 0.31 0.27 0.27 0.25 0.2 0.22 0.17
-9999 -9999 -9999 -9999 -9999 -9999 -9999 -9999 -9999 -9999 -9999 -9999 -9999 -9999 -9999 -9999 -9999 -9999 -9999 -9999 -9999 -9999 -9999 0.77 0.92 1.07 0.93 0.92 0.94 0.84 1.25 1.07 1.09 0.94 0.94 0.9 0.69 0.9 0.85 0.82 1.45 1.4 1.2 1.2 1.13 1.14 0.8 1.35 1.06 0.9 0.78 0.73 0.79 0.67 0.56 0.52 0.63 0.55 0.49 0.49 0.46 0.42 0.44 0.48 0.41 0.41 0.46 0.45 0.31 0.34 0.25 0.24 0.29 0.41 0.36 0.29 0.27 0.25 0.24 0.24 0.31 0.2 0.17 0.16 0.18
-9999 -9999 -9999 -9999 -9999 -9999 -9999 -9999 -9999 -9999 -9999 -9999 -9999 -9999 -9999 -9999 -9999 -9999 -9999 -9999 -9999 -9999 -9999 0.9 0.7 1.06 0.85 0.85 1.02 1.14 1.25 1.07 1.07 0.94 0.99 0.9 0.82 0.95 0.93 1.18 1.12 1.17 1.1 1.17 1.3 0.94 0.82 0.99 0.95 0.95 0.73 0.7 0.68 0.53 0.77 0.58 0.63 0.52 0.49 0.57 0.44 0.42 0.52 0.45 0.37 0.39 0.39 0.39 0.27 0.39 0.27 0.3 0.31 0.32 0.33 0.3 0.3 0.3 0.26 0.24 0.22 0.24 0.21 0.18 0.17
-9999 -9999 -9999 -9999 -9999 -9999 -9999 -9999 -9999 -9999 -9999 -9999 -9999 -9999 -9999 -9999 -9999 -9999 -9999 -9999 -9999 -9999 -9999 -9999 0.92 1.07 0.84 1.07 0.82 0.82 0.95 0.92 0.9 0.68 0.67 0.69 0.9 0.78 0.93 1 0.82 0.92 0.82 0.95 0.82 0.69 0.82 0.95 0.73 0.65 0.74 0.74 0.76 0.64 0.64 0.71 0.57 0.57 0.52 0.61 0.54 0.44 0.52 0.36 0.36 0.35 0.35 0.37 0.29 0.29 0.33 0.22 0.25 0.3 0.28 0.22 0.22 0.22 0.25 0.2 0.15 0.159 0.14 0.14 0.16
-9999 -9999 -9999 -9999 -9999 -9999 -9999 -9999 -9999 -9999 -9999 -9999 -9999 -9999 -9999 -9999 -9999 -9999 -9999 -9999 -9999 -9999 -9999 -9999 -9999 0.93 1.07 0.92 0.93 0.95 0.8 0.67 0.78 0.78 0.8 0.9 0.9 0.77 0.73 0.9 0.69 0.78 0.69 0.69 0.77 0.69 0.9 0.78 0.73 0.66 0.7 0.83 0.72 0.71 0.58 0.51 0.49 0.57 0.52 0.61 0.42 0.57 0.43 0.48 0.45 0.41 0.38 0.29 0.38 0.39 0.39 0.29 0.26 0.22 0.23 0.23 0.21 0.19 0.19 0.19 0.17 0.159 0.17 0.16 0.14
-9999 -9999 -9999 -9999 -9999 -9999 -9999 -9999 -9999 -9999 -9999 -9999 -9999 -9999 -9999 -9999 -9999 -9999 -9999 -9999 -9999 -9999 -9999 -9999 0.8 1.18 1.07 0.9 0.82 1 0.8 0.67 0.9 1.03 0.8 0.82 0.69 0.9 0.65 0.73 0.73 0.79 0.67 0.58 0.63 0.81 0.84 0.92 0.9 0.73 0.73 0.77 0.79 0.67 0.57 0.57 0.49 0.49 0.55 0.58 0.42 0.44 0.52 0.46 0.41 0.43 0.36 0.29 0.35 0.34 0.29 0.37 0.3 0.22 0.24 0.22 0.28 0.2 0.2 0.23 0.23 0.15 0.159 0.16 0.16
-9999 -9999 -9999 -9999 -9999 -9999 -9999 -9999 -9999 -9999 -9999 -9999 -9999 -9999 -9999 -9999 -9999 -9999 -9999 -9999 -9999 -9999 -9999 -9999 1.07 0.93 0.8 0.95 0.91 0.8 0.92 0.69 0.95 0.92 1.03 0.78 0.9 0.77 0.73 0.64 0.68 0.72 0.56 0.56 0.58 0.55 0.84 0.9 0.77 0.71 0.75 0.73 0.64 0.49 0.44 0.44 0.58 0.61 0.55 0.55 0.48 0.5 0.51 0.57 0.5 0.49 0.45 0.36 0.36 0.33 0.35 0.34 0.32 0.3 0.31 0.27 0.23 0.27 0.24 0.21 0.2 0.15 0.15 0.157 0.16
-9999 -9999 -9999 -9999 -9999 -9999 -9999 -9999 -9999 -9999 -9999 -9999 -9999 -9999 -9999 -9999 -9999 -9999 -9999 -9999 -9999 -9999 -9999 -9999 0.84 0.8 0.93 1.18 1.07 1.06 0.73 0.69 0.82 1.06 0.95 0.74 0.75 0.72 0.68 0.58 0.61 0.59 0.61 0.59 0.58 0.57 0.74 0.84 0.77 0.78 0.9 0.9 0.71 0.57 0.55 0.57 0.59 0.61 0.61 0.56 0.53 0.45 0.48 0.43 0.41 0.38 0.41 0.29 0.32 0.31 0.31 0.39 0.37 0.34 0.33 0.29 0.26 0.23 0.19 0.22 0.22 0.18 0.15 0.17 0.16
-9999 -9999 -9999 -9999 -9999 -9999 -9999 -9999 -9999 -9999 -9999 -9999 -9999 -9999 -9999 -9999 -9999 -9999 -9999 -9999 -9999 -9999 -9999 -9999 0.82 0.82 0.91 1.14 0.9 0.76 0.79 0.74 0.78 0.83 0.84 0.66 0.68 0.71 0.59 0.58 0.59 0.53 0.68 0.59 0.59 0.56 0.71 0.64 0.74 0.73 0.78 0.65 0.64 0.58 0.59 0.59 0.56 0.55 0.55 0.48 0.55 0.54 0.48 0.44 0.39 0.39 0.39 0.39 0.35 0.36 0.33 0.37 0.41 0.35 0.29 0.28 0.32 0.22 0.18 0.22 0.22 0.19 0.18 0.17 0.14
-9999 -9999 -9999 -9999 -9999 -9999 -9999 -9999 -9999 -9999 -9999 -9999 -9999 -9999 -9999 -9999 -9999 -9999 -9999 -9999 -9999 -9999 -9999 0.82 1 0.94 1.07 0.9 0.76 0.65 0.78 0.9 0.9 0.7 0.66 0.77 0.67 0.68 0.71 0.58 0.59 0.68 0.72 0.61 0.71 0.68 0.68 0.71 0.73 0.68 0.68 0.68 0.76 0.79 0.67 0.67 0.63 0.55 0.55 0.55 0.65 0.54 0.44 0.44 0.33 0.36 0.36 0.39 0.43 0.41 0.36 0.43 0.36 0.29 0.35 0.3 0.34 0.29 0.26 0.27 0.25 0.2 0.18 0.18 0.15
-9999 -9999 -9999 -9999 -9999 -9999 -9999 -9999 -9999 -9999 -9999 -9999 -9999 -9999 -9999 -9999 -9999 -9999 -9999 -9999 -9999 -9999 0.99 1.12 0.98 0.85 0.93 0.82 0.82 0.92 0.83 0.82 0.78 0.72 0.68 0.65 0.68 0.77 0.53 0.59 0.56 0.65 0.7 0.58 0.59 0.68 0.64 0.73 0.76 0.65 0.77 0.77 0.71 0.74 0.67 0.61 0.52 0.52 0.65 0.61 0.61 0.61 0.54 0.53 0.36 0.33 0.31 0.39 0.4 0.45 0.42 0.35 0.34 0.27 0.35 0.37 0.33 0.29 0.29 0.33 0.24 0.22 0.22 0.16 0.13
-9999 -9999 -9999 -9999 -9999 -9999 -9999 -9999 -9999 -9999 -9999 -9999 -9999 -9999 -9999 -9999 -9999 -9999 -9999 -9999 -9999 0.98 0.99 1.05 1.18 0.95 0.8 0.95 0.82 0.93 0.65 0.84 0.78 0.8 0.77 0.78 0.71 0.61 0.57 0.58 0.68 0.67 0.58 0.56 0.69 0.69 0.68 0.73 0.77 0.69 0.75 0.68 0.71 0.49 0.57 0.58 0.61 0.52 0.67 0.68 0.71 0.78 0.66 0.48 0.52 0.41 0.35 0.39 0.29 0.25 0.38 0.39 0.36 0.35 0.31 0.35 0.39 0.31 0.32 0.27 0.28 0.24 0.21 0.17 0.18
-9999 -9999 -9999 -9999 -9999 -9999 -9999 -9999 -9999 -9999 -9999 -9999 -9999 -9999 -9999 -9999 -9999 -9999 -9999 -9999 -9999 1.06 1.12 1.05 0.99 0.94 0.84 0.84 0.82 1.18 1 0.8 0.94 0.95 0.65 0.67 0.59 0.61 0.57 0.58 0.73 0.64 0.58 0.76 0.79 0.8 0.77 0.77 0.77 0.65 0.56 0.53 0.68 0.58 0.58 0.71 0.58 0.52 0.61 0.68 0.75 0.79 0.54 0.54 0.49 0.39 0.34 0.41 0.35 0.25 0.36 0.42 0.38 0.37 0.39 0.33 0.31 0.31 0.37 0.33 0.29 0.27 0.21 0.18 0.22
-9999 -9999 -9999 -9999 -9999 -9999 -9999 -9999 -9999 -9999 -9999 -9999 -9999 -9999 -9999 -9999 -9999 -9999 -9999 -9999 -9999 1 1.15 1.25 1.05 0.98 1 1.11 0.99 1 0.79 0.75 0.63 0.77 0.78 0.77 0.71 0.61 0.59 0.67 0.66 0.67 0.68 0.79 0.78 0.69 0.68 0.79 0.73 0.73 0.64 0.58 0.75 0.72 0.71 0.64 0.57 0.52 0.56 0.56 0.58 0.54 0.58 0.65 0.47 0.45 0.34 0.43 0.49 0.43 0.43 0.46 0.38 0.36 0.34 0.34 0.39 0.29 0.33 0.25 0.22 0.25 0.24 0.23 0.21
-9999 -9999 -9999 -9999 -9999 -9999 -9999 -9999 -9999 -9999 -9999 -9999 -9999 -9999 -9999 -9999 -9999 -9999 -9999 0.99 1.25 1.11 1.1 1.2 1.05 1 1.03 1.07 0.92 0.92 0.77 0.77 0.79 0.68 0.68 0.68 0.59 0.71 0.68 0.67 0.58 0.64 0.72 0.72 0.64 0.68 0.73 0.64 0.75 0.68 0.55 0.64 0.65 0.79 0.68 0.67 0.64 0.76 0.78 0.65 0.66 0.59 0.56 0.57 0.46 0.44 0.54 0.57 0.44 0.43 0.51 0.37 0.49 0.42 0.42 0.42 0.39 0.32 0.33 0.27 0.33 0.34 0.34 0.31 0.31
-9999 -9999 -9999 -9999 -9999 -9999 -9999 -9999 -9999 -9999 -9999 -9999 -9999 -9999 -9999 -9999 -9999 -9999 1.05 1.15 1.15 1.1 1.05 1.35 1.45 0.85 0.93 0.85 0.91 0.72 0.58 0.71 0.78 0.73 0.64 0.59 0.58 0.77 0.67 0.67 0.58 0.59 0.71 0.64 0.71 0.76 0.71 0.67 0.71 0.59 0.58 0.52 0.76 0.58 0.58 0.68 0.61 0.69 0.68 0.79 0.73 0.66 0.65 0.53 0.57 0.54 0.48 0.43 0.52 0.44 0.34 0.42 0.5 0.44 0.44 0.44 0.29 0.34 0.33 0.31 0.32 0.32 0.35 0.34 0.193
-9999 -9999 -9999 -9999 -9999 -9999 -9999 -9999 -9999 -9999 -9999 -9999 1 0.86 0.8 0.8 0.91 0.92 0.91 0.92 1 0.95 1.01 1.4 1.05 0.95 0.83 0.85 0.94 0.9 0.72 0.78 0.69 0.74 0.53 0.58 0.68 0.56 0.59 0.58 0.59 0.575 0.67 0.64 0.71 0.64 0.66 0.69 0.67 0.67 0.53 0.53 0.67 0.56 0.67 0.71 0.56 0.68 0.695 0.8 0.73 0.54 0.58 0.66 0.57 0.57 0.48 0.44 0.41 0.44 0.41 0.5 0.49 0.45 0.57 0.48 0.35 0.35 0.41 0.45 0.34 0.35 0.36 0.28 0.22
-9999 -9999 -9999 -9999 -9999 -9999 -9999 -9999 0.63 0.81 0.76 0.86 0.88 0.76 0.76 0.85 0.88 0.99 0.85 0.93 1 0.82 0.94 1.45 1 0.9 0.95 0.85 0.84 1 0.9 0.68 0.68 0.78 0.57 0.53 0.67 0.53 0.53 0.48 0.71 0.71 0.76 0.71 0.59 0.48 0.53 0.58 0.71 0.58 0.56 0.61 0.64 0.71 0.56 0.71 0.72 0.64 0.78 0.78 0.55 0.56 0.6 0.65 0.53 0.58 0.64 0.55 0.5 0.47 0.56 0.49 0.47 0.39 0.48 0.46 0.52 0.38 0.51 0.41 0.34 0.32 0.4 0.35 0.34
-9999 -9999 -9999 -9999 -9999 -9999 -9999 0.82 0.87 0.8 0.76 0.92 0.85 0.86 0.88 0.92 0.95 1.01 0.98 1.25 1.01 1 1 1.4 1.05 1 0.85 0.9 0.85 0.8 0.68 0.81 0.84 0.7 0.57 0.52 0.57 0.61 0.53 0.44 0.58 0.58 0.59 0.71 0.59 0.63 0.48 0.67 0.71 0.63 0.52 0.64 0.68 0.64 0.71 0.64 0.66 0.67 0.59 0.56 0.57 0.57 0.55 0.59 0.57 0.51 0.51 0.48 0.43 0.57 0.55 0.48 0.52 0.39 0.44 0.43 0.43 0.48 0.55 0.48 0.51 0.42 0.4 0.33 0.34
-9999 -9999 -9999 -9999 -9999 -9999 0.63 0.72 0.86 0.87 0.83 0.83 0.85 0.92 0.88 1.25 1.05 0.98 1.01 0.98 1.1 0.97 1.3 1.01 1 0.85 0.75 0.65 0.82 0.69 0.89 0.82 0.75 0.62 0.52 0.59 0.55 0.52 0.56 0.53 0.49 0.52 0.52 0.71 0.58 0.42 0.5 0.58 0.55 0.63 0.46 0.64 0.68 0.71 0.56 0.58 0.64 0.56 0.52 0.61 0.75 0.54 0.54 0.59 0.57 0.48 0.48 0.48 0.5 0.48 0.61 0.73 0.54 0.5 0.45 0.43 0.46 0.48 0.55 0.52 0.45 0.35 0.42 0.35 0.33
-9999 -9999 -9999 0.51 0.53 0.54 0.5 0.81 0.76 0.71 0.92 0.94 0.94 0.86 0.8 0.86 0.76 1.01 0.98 1.1 1.1 0.97 0.98 1 0.85 0.85 0.95 0.9 0.88 0.83 0.89 0.64 0.58 0.57 0.56 0.62 0.49 0.49 0.47 0.42 0.55 0.44 0.51 0.52 0.63 0.48 0.63 0.46 0.49 0.46 0.46 0.61 0.56 0.67 0.71 0.58 0.64 0.64 0.56 0.58 0.64 0.65 0.78 0.73 0.65 0.65 0.66 0.66 0.48 0.57 0.48 0.56 0.48 0.57 0.57 0.48 0.51 0.44 0.43 0.42 0.42 0.45 0.43 0.36 0.33
-9999 -9999 -9999 -9999 -9999 0.59 0.78 0.78 0.8 0.83 0.86 0.93 1.05 0.97 1 0.82 1.01 0.85 0.97 1.1 1.1 0.98 0.94 1 0.9 0.9 0.85 0.76 0.81 0.9 0.82 0.64 0.57 0.53 0.61 0.6 0.53 0.49 0.42 0.51 0.54 0.42 0.57 0.43 0.48 0.48 0.52 0.57 0.49 0.49 0.52 0.71 0.75 0.64 0.71 0.59 0.64 0.54 0.65 0.54 0.61 0.65 0.54 0.44 0.78 0.73 0.66 0.66 0.56 0.54 0.61 0.65 0.56 0.54 0.48 0.57 0.47 0.49 0.48 0.52 0.57 0.48 0.47 0.38 0.3
