input/bfa/bfa_travel.asc
ncols         173
nrows         126
xllcorner     224227.65281
yllcorner     1039207.04677
cellsize      5000
NODATA_value  -9999
[rows 34 to 67 of 126, columns 0 to 74 of 173]
-9999 -9999 -9999 -9999 -9999 -9999 -9999 -9999 -9999 -9999 -9999 -9999 -9999 -9999 -9999 -9999 -9999 -9999 -9999 -9999 -9999 -9999 -9999 -9999 -9999 -9999 -9999 -9999 -9999 -9999 -9999 -9999 -9999 -9999 -9999 -9999 -9999 -9999 -9999 -9999 -9999 -9999 -9999 -9999 -9999 -9999 -9999 -9999 -9999 156.9091 140.6 124.84 133.88 204.8 212.24 172.36 141.68 131 123.88 142.68 116.36 74.12 62.64 54.16 48.8 34.8 22.52 6.16 7 9.28 17.76 35.32 58.68 38.84 48.32
-9999 -9999 -9999 -9999 -9999 -9999 -9999 -9999 -9999 -9999 -9999 -9999 -9999 -9999 -9999 -9999 -9999 -9999 -9999 -9999 -9999 -9999 -9999 -9999 -9999 -9999 -9999 -9999 -9999 -9999 -9999 -9999 -9999 -9999 -9999 -9999 -9999 -9999 -9999 -9999 -9999 -9999 -9999 -9999 -9999 -9999 -9999 -9999 -9999 209.8 170.4 116.56 121.48 164.6 149.76 161.44 170.04 123.48 111.48 90.4 76.16 99.16 103.76 98.08 78.24 45.2 14.72 30.8 15.64 19.88 23 21.44 22.84 22.4 28.08
-9999 -9999 -9999 -9999 -9999 -9999 -9999 -9999 -9999 -9999 -9999 -9999 -9999 -9999 -9999 -9999 -9999 -9999 -9999 -9999 -9999 -9999 -9999 -9999 -9999 -9999 -9999 -9999 -9999 -9999 -9999 -9999 -9999 -9999 269.7273 -9999 -9999 -9999 -9999 -9999 -9999 -9999 -9999 -9999 -9999 -9999 -9999 -9999 -9999 195.4 147.08 104.56 118.36 132.04 157.2 205.16 173.24 125.12 126.4 93.92 74.12 98.28 125.08 79.32 32.8 17.92 51.48 73.28 24.12 26 36 64 58.4 54.96 68.2
-9999 -9999 -9999 -9999 -9999 -9999 -9999 -9999 -9999 -9999 -9999 -9999 -9999 -9999 -9999 -9999 -9999 -9999 -9999 -9999 -9999 -9999 -9999 -9999 -9999 -9999 -9999 -9999 -9999 -9999 -9999 -9999 210.3 200.64 -9999 -9999 -9999 -9999 -9999 -9999 -9999 -9999 -9999 -9999 -9999 -9999 -9999 -9999 -9999 158 121.88 99.96 152.36 129.08 124.2 164.08 145.56 111.08 110.56 143.72 107.24 58.32 71.28 38.84 21 49.88 99.32 84.92 25.76 29.48 42 59.56 91.88 110.44 109.32
-9999 -9999 -9999 -9999 -9999 -9999 -9999 -9999 -9999 -9999 -9999 -9999 -9999 -9999 -9999 -9999 -9999 -9999 -9999 -9999 -9999 -9999 -9999 -9999 -9999 -9999 -9999 -9999 -9999 -9999 -9999 171.5556 160.28 163.56 149.56 170.6 146.0435 128.2353 -9999 -9999 -9999 -9999 -9999 -9999 -9999 -9999 -9999 -9999 -9999 -9999 108.0833 96.92 167.96 182.12 121.88 105.8 110.24 89.92 104.76 152.88 137.96 69.72 39.92 30.56 35.76 45.56 79.04 50.48 17.48 41.76 69.16 55.96 81.92 96.92 106.6
-9999 -9999 -9999 -9999 -9999 -9999 -9999 -9999 -9999 -9999 -9999 -9999 -9999 -9999 -9999 -9999 -9999 -9999 -9999 -9999 -9999 -9999 -9999 -9999 -9999 -9999 -9999 -9999 -9999 -9999 -9999 128.08 138.48 156.24 157.68 120.08 112.36 133.68 198.36 -9999 -9999 -9999 -9999 -9999 -9999 -9999 -9999 -9999 -9999 -9999 89.71429 81.88 139.56 192.68 171.52 131.4 97.32 75 74.84 82.64 97.04 58.96 39.68 35.96 65.52 63.44 51.6 43.92 20.48 19.6 75.4 48.4 58.12 94.8 130.96
-9999 -9999 -9999 -9999 -9999 -9999 -9999 -9999 -9999 -9999 -9999 -9999 -9999 -9999 -9999 -9999 -9999 -9999 -9999 -9999 -9999 -9999 -9999 -9999 -9999 -9999 -9999 -9999 -9999 98.83334 98.72 120.76 129.44 142.36 145 112.28 104.68 153.12 220.4 291 -9999 -9999 -9999 -9999 -9999 -9999 137.8235 116.4 116.8571 110.16 74.88 60.08 88.52 160.24 186.8 122.44 82.4 106.6 97.08 64.96 45.8 35.24 44.56 65.08 55.6 44.96 39.2 43.08 19.88 9.76 35.44 41.76 46.08 69.28 117.16
-9999 -9999 -9999 -9999 -9999 -9999 -9999 -9999 -9999 -9999 -9999 -9999 -9999 -9999 -9999 -9999 -9999 -9999 -9999 -9999 -9999 -9999 -9999 -9999 -9999 -9999 -9999 -9999 143 90.08 85.52 124 145.52 127.96 105.52 96.24 90.32 118.92 192.72 273.6 333.64 320.5454 -9999 -9999 -9999 -9999 118.6111 118.76 100.48 89.4 62.88 48.96 67.16 121.96 109.8 76 75.8 139.08 150.6 93.64 40.4 40.44 45.6 56.6 64.44 55.56 39.52 21.52 14.52 2.76 18.24 31.68 43.52 52.04 65.48
-9999 -9999 -9999 -9999 -9999 -9999 -9999 -9999 -9999 -9999 -9999 -9999 -9999 -9999 -9999 -9999 -9999 -9999 -9999 -9999 -9999 -9999 -9999 -9999 -9999 -9999 -9999 98.41177 97.57143 73.28 69.6 82.64 124.24 115.24 97.72 93.68 80.88 123.52 187.52 241.64 247.92 236.92 255.64 -9999 -9999 -9999 105.6667 127 130.28 83.96 63.56 55.52 36.6 59.36 39.32 53.36 68.52 92.24 107.16 51 36.04 78.88 64.08 76.36 88.12 59.04 40.24 23.72 16.12 4.64 47.08 67.68 80.88 62.84 67.4
-9999 -9999 -9999 -9999 -9999 -9999 -9999 -9999 -9999 -9999 -9999 -9999 -9999 -9999 -9999 -9999 -9999 -9999 -9999 -9999 -9999 -9999 -9999 -9999 -9999 -9999 78.47619 72.76 71.8 55.64 44.16 57.12 83.48 103.88 78.32 71 68.88 81.36 132 157.64 164.84 166.2 217.28 237.84 211.32 145.88 102.56 87.84 103.72 98.92 58.8 45.04 53.08 26.2 21.12 32.44 35.08 50.4 40.16 21.16 35.96 50.36 70.4 88.68 90.08 64.72 57.08 33.48 20.36 10.76 44.12 62.12 80.36 88.32 74.4
-9999 -9999 -9999 -9999 -9999 -9999 -9999 -9999 -9999 -9999 -9999 -9999 -9999 -9999 -9999 -9999 -9999 -9999 -9999 -9999 -9999 -9999 -9999 -9999 -9999 -9999 -9999 61.125 60.04 65.36 62.12 45.04 37.92 66.32 67.04 50.08 56.32 72.8 97.68 109.36 119.04 136.36 161.72 170.64 186.76 143.4 105.88 96.88 64.44 57.64 48.76 31.32 29.56 8.76 5.16 15.44 17.8 22.4 30.48 55.6 66.6 67.32 106.44 112.08 84.72 94.12 54.36 37.2 49.92 36.12 23.28 63.08 59.68 85.4 70.44
-9999 -9999 -9999 -9999 -9999 -9999 -9999 -9999 -9999 -9999 -9999 -9999 -9999 -9999 -9999 -9999 -9999 -9999 -9999 -9999 -9999 -9999 -9999 -9999 -9999 -9999 -9999 125.2857 126.32 81.32 104.16 92 54.6 38.04 34.64 38.12 63 85.32 113.72 118.08 135.16 170.92 198.32 183.24 177.12 129.04 96.2 83 87.24 92.8 78.96 86.92 64.48 18.64 7.64 30.24 51.44 59.76 51.08 111.88 90.28 117.08 161.48 105.72 74.28 63.08 55.24 72.24 99.16 77.96 23.32 53.2 50.72 50.12 64.44
-9999 -9999 -9999 -9999 -9999 -9999 -9999 -9999 -9999 -9999 -9999 -9999 -9999 -9999 -9999 -9999 -9999 -9999 -9999 -9999 -9999 -9999 -9999 -9999 -9999 -9999 -9999 -9999 160.5909 93.12 130.68 125.32 77 50.04 29.04 32.32 73.36 133.88 102.92 123.6 175.08 190.6 220.8 194.96 148 115.04 89.44 99.72 137.28 143.24 117.16 82.96 42.92 41.8 28.16 23.64 49.96 42.68 92.64 99.76 79.56 129.96 136.32 98.8 94.76 76.44 81.76 72.96 98.4 58.8 33.72 25.16 33.52 37.52 37.04
-9999 -9999 -9999 -9999 -9999 -9999 -9999 -9999 -9999 -9999 -9999 -9999 -9999 -9999 -9999 -9999 -9999 -9999 -9999 -9999 -9999 -9999 -9999 -9999 -9999 -9999 -9999 -9999 108.3333 95.2 93.04 74.32 63.08 62.36 66.32 27.24 58.84 132.28 120.76 102.88 164.8 160.2 145.2 130.4 105.68 135.8 106.32 107 106.8 96.44 74.32 66.92 42.6 75.2 76.24 20.52 31.84 61.64 95.92 55.44 80.6 83.64 67.96 52.68 90.52 75.88 51.92 47.8 37.68 30.24 25.96 20.64 29.12 42.6 51.32
-9999 -9999 -9999 -9999 -9999 -9999 -9999 -9999 -9999 -9999 -9999 -9999 -9999 -9999 -9999 -9999 -9999 -9999 -9999 -9999 -9999 -9999 -9999 -9999 -9999 -9999 -9999 -9999 125.75 104.48 80.76 70.84 100.12 126.72 120.2 48.4 28.72 67.32 115.2 81.8 90 85.44 80.64 85.88 102.76 150 126.44 123.04 146.24 140.8 129.44 96.04 54.72 114.2 92.28 29 21.32 46.04 46.72 36.8 40.52 48.76 68.36 60.16 50.6 50.8 41.68 35.96 50.84 44.6 32.32 40.04 36.72 31.96 57.84
-9999 -9999 -9999 -9999 -9999 -9999 -9999 -9999 -9999 -9999 -9999 -9999 -9999 -9999 -9999 -9999 -9999 -9999 -9999 -9999 -9999 -9999 -9999 -9999 -9999 -9999 -9999 -9999 195.5 165.68 100.72 69.12 66.72 81.28 109.76 79 23.68 59.12 71.72 64.68 44.48 53.84 105.92 119.72 94.2 126.08 157.36 119.12 150.08 133.2 124.84 75.28 78.92 141.6 134.64 51.56 36.12 35.88 29.24 67.8 115.08 132.12 159.52 100.16 74.84 73.08 63.36 56.92 44.28 34.92 49.52 56.08 47.68 43.68 45.64
-9999 -9999 -9999 -9999 -9999 -9999 -9999 -9999 -9999 -9999 -9999 -9999 -9999 -9999 -9999 -9999 -9999 -9999 -9999 -9999 -9999 -9999 -9999 -9999 -9999 -9999 -9999 -9999 233.5714 195.8 140.96 79.12 58.52 50.92 45.4 57.24 36.96 16.84 31.08 29.08 76.56 72.72 73.36 85.08 90.12 92.68 144.08 115.64 101.04 93.88 81.92 67.72 81.32 98.84 110.24 43.08 25.08 41 56.36 57.44 90.4 126.64 166.36 97.24 88.12 100.24 76.6 44.12 32.64 42.24 58.4 52.6 54.2 49.44 68.36
-9999 -9999 -9999 -9999 -9999 -9999 -9999 -9999 -9999 -9999 -9999 -9999 -9999 -9999 -9999 -9999 -9999 -9999 -9999 -9999 -9999 -9999 -9999 -9999 -9999 -9999 -9999 -9999 162.1111 152.4 114.88 70.2 47.72 43.28 41.2 19.16 12.08 8.76 31.2 63.96 138.88 158.84 134.52 112.68 80.88 73.6 79.28 94.12 145.36 145.6 81.64 86.44 76.96 44.6 37.08 36 41.64 26.96 43.16 89.56 101.08 97.4 123.64 119.72 106.72 72.4 68.48 47.88 38.92 44.2 61.12 67.2 63.84 60.92 67.04
-9999 -9999 -9999 -9999 -9999 -9999 -9999 -9999 -9999 -9999 -9999 -9999 -9999 -9999 -9999 -9999 -9999 -9999 -9999 -9999 -9999 -9999 -9999 -9999 172.2 159.6111 -9999 -9999 99.89474 90 80.84 70.4 84.08 64.12 37.44 27.6 4.36 14.2 18.88 62.96 134.2 195.2 199.2 133.24 92.6 70.32 93.08 123.56 153.72 133.68 72.84 85.72 89.12 41.8 47.72 46.16 50.44 41.36 35.96 47.4 54.6 60.4 61.16 79 76.44 100.2 86.24 61.96 41.12 41.56 57.24 65.24 70.4 72.44 76.08
-9999 -9999 -9999 -9999 -9999 -9999 -9999 -9999 -9999 -9999 -9999 -9999 -9999 -9999 -9999 -9999 -9999 -9999 -9999 -9999 -9999 -9999 -9999 179.92 145.96 133.28 127.64 116.72 110.12 133.6 149.16 94.52 117.32 70.8 33.76 20.64 27.32 30.12 53.56 23.8 69.64 137.2 169.84 136.2 86.24 61.8 114.12 101.12 85.52 82.76 52.76 61.64 44.92 54.88 80.68 96.04 75.32 52 55.6 65 85.76 60.64 43.76 67.32 83.28 103.52 113.8 74.12 37.72 37.8 49.6 59 65.96 76.96 78.92
-9999 -9999 -9999 -9999 -9999 -9999 -9999 -9999 -9999 -9999 -9999 -9999 -9999 -9999 -9999 -9999 -9999 -9999 -9999 -9999 -9999 -9999 -9999 193.2727 154.3478 151.64 142.04 151.6 175.24 211.4 183.28 102.52 86.12 49.64 68 40.56 70.8 32.2 72.84 43.24 32.08 60.92 120.68 110.08 76.76 55.4 115.96 67.96 41.96 40.32 33.28 33.6 43.6 88.28 141.32 146.16 83.2 83.64 73.92 135.12 143.32 71.4 47.76 63.2 88.56 68.52 78.24 63.32 37.12 33.52 43.92 50.8 64.16 77.84 81.84
-9999 -9999 -9999 -9999 -9999 -9999 -9999 -9999 -9999 -9999 -9999 -9999 -9999 -9999 -9999 -9999 -9999 -9999 -9999 -9999 -9999 -9999 -9999 -9999 193.75 162.28 160.4 169.36 231.6 249.68 162.16 84.2 72.68 96.44 101.64 88.36 59.24 43.48 104.24 74.4 29.48 27.72 63.76 65.56 69.16 45.52 74.16 46.4 21.48 20.88 32.4 51.04 62.68 75.28 113.96 126.72 119 107.88 76.48 118.2 142.6 124.76 65.84 35.96 54.88 100.48 86.48 60.52 31.88 28.32 39.92 53.16 66.32 76.52 82.16
-9999 -9999 -9999 -9999 -9999 -9999 -9999 -9999 -9999 -9999 -9999 -9999 -9999 -9999 -9999 -9999 -9999 -9999 -9999 -9999 -9999 -9999 -9999 -9999 -9999 156.087 147.52 173.92 249.84 235.32 136.64 82 124.76 171.36 131.24 83.12 81.36 57.2 95.56 55.2 77.8 48.68 16 24.92 46.08 26.12 10.88 24.72 40.84 36.56 67.44 114.32 145.8 115.4 92.72 131.6 132.52 98.24 85.52 126.68 145.48 89.52 57.6 36.24 54.68 132.2 91.2 66.92 27.4 30.56 43.04 51.04 56.76 63.4 72.24
-9999 -9999 -9999 -9999 -9999 -9999 -9999 -9999 -9999 -9999 -9999 -9999 -9999 -9999 -9999 -9999 -9999 -9999 -9999 -9999 -9999 -9999 -9999 -9999 190.25 153.08 162.92 235.44 262.96 237.04 167 95.44 137.72 199.4 140.56 110.28 110.48 65.6 78.68 88.44 94.04 42.4 35.48 14.12 17.36 10.88 13.08 59.04 75.28 58.16 92.12 124.88 145.64 145.88 106.64 174.92 200.2 134.48 96.6 121.16 139.12 96.04 78.48 42.2 62.84 141.32 130.56 72.28 24.12 23.44 32.2 36.88 46.24 57.16 72.56
-9999 -9999 -9999 -9999 -9999 -9999 -9999 -9999 -9999 -9999 -9999 -9999 -9999 -9999 -9999 -9999 -9999 -9999 -9999 -9999 -9999 -9999 -9999 -9999 146.35 121.08 168.04 202 203.28 176.08 133.88 77.04 102.8 141.56 114.88 164.72 116.76 76.88 89.88 81.92 52.48 68.04 71.08 44.56 8.88 7.68 11.8 26.8 51.6 55.08 73.6 145.96 119.24 110.32 93.96 168.08 228.64 176.56 126.44 95.96 88.2 65.96 45.12 36.32 35.48 91.08 114.88 56.96 29 16.68 17.92 27.88 41.24 55.12 70.8
-9999 -9999 -9999 -9999 -9999 -9999 -9999 -9999 -9999 -9999 -9999 -9999 -9999 -9999 -9999 -9999 -9999 -9999 -9999 -9999 -9999 -9999 -9999 -9999 134.28 118.84 113.8 128.44 136.72 111.2 70.64 62.08 72.24 89.68 110.16 114.4 111.32 81.92 78.28 69.24 85.72 82.56 42.76 22.96 31.36 56.04 29.88 27.16 24.8 51.6 102.64 136.36 97.16 70.84 97.4 165.12 185.68 159.04 162.4 159.04 153.96 95.2 62.96 64.64 23.68 27.76 62.2 46.04 40.32 24.28 13.68 24.72 40.52 54.6 72.04
-9999 -9999 -9999 -9999 -9999 -9999 -9999 -9999 -9999 -9999 -9999 -9999 -9999 -9999 -9999 -9999 -9999 -9999 -9999 -9999 -9999 -9999 -9999 -9999 169.1429 140.16 102.16 85.96 76.28 65.88 55.72 67.48 74.64 78.24 71.92 77.36 76.56 95.96 148.04 119.4 141.64 142.4 74.88 25.68 53.76 71.96 83.84 95.44 41 31.24 42.88 68.04 50.72 103 125.72 127.16 109.24 102.44 152.12 201.64 206.76 129.16 70.68 56.16 52.2 35.72 21.72 27.56 37.08 58.08 21.72 48.16 67.52 55.28 65.12
-9999 -9999 -9999 -9999 -9999 -9999 -9999 -9999 -9999 -9999 -9999 -9999 -9999 -9999 -9999 -9999 -9999 -9999 -9999 -9999 -9999 -9999 -9999 187 188.9048 134.08 140.12 148 130.36 124.36 72.56 50.92 118.72 118.68 69.28 103.84 72.12 116.52 178.08 159.56 200.48 168.96 76.64 23.68 41.48 78.48 125.96 159.2 111.12 65.2 35.56 36.84 38.84 82.72 106.92 88.24 66.64 109.04 131.72 183.32 200 136.72 76.12 52.04 43.32 31.52 18.88 9.56 15.92 24.12 16.08 29.28 36.72 49.76 75.2
-9999 -9999 -9999 -9999 -9999 -9999 -9999 -9999 -9999 -9999 -9999 -9999 -9999 -9999 -9999 -9999 -9999 -9999 -9999 -9999 -9999 -9999 226.1 214 166.48 125.16 127.28 193.24 226.52 167.28 70.48 31.96 106.04 113.56 57.68 65.04 73 117.04 169.92 205.76 209.12 137.8 61.48 23.48 73.8 139.24 160.36 190.88 167.36 79.32 53.84 76.24 45.68 37.44 42.56 43.68 67.2 100.08 96.76 120.56 137.08 122.32 66.44 46.6 34.16 23.8 20.28 15.56 4.64 1.24 7.64 21.2 27.36 40.6 54.48
-9999 -9999 -9999 -9999 -9999 -9999 -9999 -9999 -9999 -9999 -9999 -9999 -9999 -9999 -9999 -9999 -9999 -9999 -9999 -9999 -9999 193.7778 198.2917 159 140.28 139.92 115.44 181.6 241.96 170.16 79.24 22.32 48.76 36.92 41.68 57.52 126.24 161.48 198.28 224.12 153.88 98.72 35.08 41.44 51.88 110.08 170.36 135.16 151.52 102.52 38.76 34.68 64.24 57.68 93.8 68.6 45.84 46.84 45.16 45.2 73.28 92.28 72.04 40.28 27.48 21.68 14.72 14.56 7.32 2 14.2 11.04 18.04 31.36 23.72
-9999 -9999 -9999 -9999 -9999 -9999 -9999 -9999 -9999 -9999 -9999 -9999 -9999 -9999 -9999 -9999 -9999 -9999 -9999 -9999 -9999 192.0909 201.16 168.88 190.04 154.6 94.28 159.2 212.84 140.96 51.52 11.88 11.88 50.08 107.6 132.04 177.24 196.68 234.44 201.52 115.52 47.32 28.4 66.52 69.2 88.8 147.88 85.12 94.2 96.12 35.52 59.44 128.32 81.4 86.88 63.68 54.92 63.88 54.32 44.96 32.92 31.04 28.4 25.4 20 20.48 46.28 33.8 24.52 10.36 10.36 23.12 35.68 24.32 38.84
-9999 -9999 -9999 -9999 -9999 -9999 -9999 -9999 -9999 -9999 -9999 -9999 -9999 -9999 -9999 -9999 -9999 -9999 -9999 -9999 -9999 211.5238 231 182.84 173.28 125.64 95.36 151.52 144.44 95.16 34.72 35.96 18.96 82.04 164.04 219.44 239.92 226.76 241.56 155.4 70.4 43.28 52.12 70.16 110.24 85.56 134.64 89.12 52.32 40.44 7.92 58 138.32 136.68 92.64 84.6 76.24 111.04 105.24 79.32 65.44 49.64 39.36 49.6 34.52 54.04 54.44 41.8 43.64 24.16 19.48 22.12 39.72 48.72 35.96
-9999 -9999 -9999 -9999 -9999 -9999 -9999 -9999 -9999 -9999 -9999 -9999 -9999 -9999 -9999 -9999 -9999 -9999 -9999 93.8 154.04 200.04 230.28 238.08 176.36 112.04 81.04 77.48 62.36 42.8 40.12 42.64 28.08 55.96 135.68 216.48 256.84 269.64 216.68 127.72 48.44 43.52 61.32 68.88 94 94.4 86.36 59.04 43.52 32.36 22 30.48 84.36 100.4 80.24 89.92 101.24 162.44 157.08 110.44 117.12 58.32 63.84 63.44 45.92 88.48 71.4 51.4 65.04 32.4 29.16 16.72 39.32 30.64 41.04
-9999 -9999 -9999 -9999 -9999 -9999 -9999 -9999 -9999 -9999 -9999 -9999 -9999 -9999 -9999 -9999 -9999 -9999 78.5 77.47826 96.48 125.52 170.2 224.96 188.64 112.4 80.32 65.88 55.68 65.36 52.4 63.36 89.04 106.8 145.52 202.04 233.84 209.92 179.76 93.12 47.84 58.04 73.2 123.96 109.44 95.72 79.4 88.36 87.16 40.68 52.8 52.84 43.96 66.28 93.76 101.96 122.32 175.96 178.24 138.2 135.08 66.76 77.6 74.84 71.24 71.64 82 106.36 70.16 41.8 27.4 31.12 31.04 63.32 70.16
