input/bfa/bfa_beta.asc
ncols         173
nrows         126
xllcorner     224227.65281
yllcorner     1039207.04677
cellsize      5000
NODATA_value  -9999
[rows 74 to 110 of 126, columns 0 to 84 of 173]
-9999 -9999 -9999 -9999 -9999 -9999 0.84 0.82 0.8 0.84 0.8 0.86 1.15 1.1 0.88 1.01 0.86 1.05 0.98 0.97 1.03 1.15 1 0.9 1 0.77 0.87 0.76 0.83 0.82 0.67 0.58 0.57 0.57 0.62 0.61 0.53 0.5 0.42 0.44 0.51 0.59 0.59 0.54 0.51 0.44 0.52 0.49 0.47 0.49 0.54 0.59 0.57 0.58 0.61 0.71 0.49 0.54 0.56 0.55 0.43 0.48 0.66 0.66 0.75 0.66 0.65 0.61 0.61 0.61 0.73 0.73 0.53 0.57 0.48 0.48 0.48 0.41 0.57 0.46 0.57 0.48 0.48 0.34 0.42
-9999 -9999 -9999 -9999 -9999 -9999 0.72 0.83 0.87 0.76 0.91 0.78 0.73 0.8 0.92 1 0.85 0.85 1.02 1.01 0.93 1 0.88 0.83 0.68 0.86 0.74 0.84 0.75 0.67 0.59 0.62 0.57 0.65 0.6 0.6 0.49 0.42 0.62 0.5 0.41 0.46 0.51 0.51 0.48 0.41 0.47 0.51 0.43 0.34 0.44 0.58 0.57 0.61 0.59 0.52 0.44 0.61 0.49 0.71 0.53 0.65 0.68 0.71 0.65 0.65 0.56 0.64 0.64 0.67 0.61 0.61 0.48 0.48 0.57 0.48 0.57 0.5 0.43 0.53 0.48 0.56 0.53 0.46 0.48
-9999 -9999 -9999 -9999 -9999 0.66 0.52 0.78 0.87 0.83 0.86 0.83 0.8 0.85 0.91 1.01 1.1 0.93 0.99 1 0.72 0.72 0.76 0.84 0.83 0.88 0.67 0.63 0.59 0.67 0.5 0.5 0.55 0.59 0.6 0.6 0.41 0.42 0.5 0.51 0.48 0.46 0.46 0.39 0.4 0.42 0.51 0.41 0.34 0.48 0.5 0.57 0.52 0.52 0.51 0.44 0.56 0.55 0.63 0.67 0.47 0.43 0.65 0.65 0.63 0.73 0.59 0.78 0.68 0.59 0.65 0.65 0.53 0.44 0.53 0.48 0.51 0.48 0.61 0.53 0.54 0.61 0.53 0.44 0.37
-9999 -9999 -9999 -9999 -9999 -9999 -9999 0.66 0.84 0.83 0.8 0.8 0.76 0.86 0.88 1 1.03 1.03 0.99 0.67 0.65 0.5 0.86 0.8 0.59 0.59 0.46 0.64 0.55 0.52 0.57 0.47 0.55 0.45 0.41 0.42 0.59 0.54 0.42 0.4 0.36 0.4 0.42 0.46 0.51 0.46 0.44 0.38 0.43 0.34 0.34 0.48 0.51 0.54 0.5 0.53 0.57 0.59 0.64 0.71 0.47 0.44 0.53 0.73 0.65 0.73 0.64 0.64 0.78 0.79 0.71 0.79 0.65 0.57 0.56 0.56 0.65 0.78 0.73 0.64 0.78 0.59 0.49 0.5 0.44
-9999 -9999 -9999 -9999 -9999 -9999 -9999 0.53 0.57 0.52 0.75 0.63 0.82 0.78 0.83 0.92 0.88 1 0.91 0.73 0.57 0.59 0.62 0.46 0.44 0.63 0.39 0.53 0.46 0.37 0.52 0.37 0.53 0.51 0.42 0.36 0.51 0.51 0.4 0.42 0.44 0.4 0.34 0.39 0.41 0.41 0.38 0.28 0.37 0.27 0.29 0.38 0.47 0.35 0.5 0.61 0.65 0.59 0.58 0.35 0.35 0.44 0.52 0.51 0.62 0.65 0.56 0.63 0.73 0.79 0.71 0.75 0.67 0.55 0.56 0.66 0.78 0.73 0.67 0.73 0.61 0.58 0.47 0.44 0.48
-9999 -9999 -9999 -9999 -9999 -9999 -9999 0.5 0.66 0.57 0.73 0.61 0.63 0.75 0.8 1.01 1 0.83 0.81 0.73 0.66 0.5 0.38 0.43 0.43 0.38 0.37 0.38 0.37 0.39 0.37 0.36 0.44 0.37 0.32 0.46 0.55 0.39 0.35 0.42 0.43 0.37 0.36 0.35 0.37 0.34 0.35 0.33 0.32 0.35 0.35 0.46 0.41 0.51 0.54 0.6 0.62 0.57 0.59 0.37 0.35 0.43 0.48 0.53 0.65 0.6 0.73 0.615 0.85 0.79 0.75 0.79 0.78 0.56 0.61 0.67 0.67 0.78 0.69 0.75 0.77 0.55 0.45 0.54 0.6
-9999 -9999 -9999 -9999 -9999 -9999 -9999 0.59 0.5 0.66 0.52 0.7 0.63 0.79 0.76 0.86 0.77 0.87 0.83 0.52 0.63 0.53 0.39 0.38 0.44 0.37 0.34 0.32 0.42 0.49 0.38 0.39 0.36 0.38 0.36 0.44 0.52 0.51 0.3 0.36 0.39 0.41 0.41 0.34 0.31 0.42 0.33 0.28 0.4 0.33 0.38 0.41 0.42 0.53 0.46 0.54 0.49 0.46 0.43 0.45 0.4 0.35 0.34 0.5 0.61 0.65 0.61 0.66 0.73 0.73 0.65 0.65 0.61 0.65 0.64 0.63 0.63 0.68 1 0.74 0.67 0.56 0.65 0.54 0.48
-9999 -9999 -9999 -9999 -9999 -9999 -9999 0.67 0.54 0.51 0.59 0.67 0.73 0.67 0.73 0.76 0.72 0.66 0.54 0.62 0.46 0.39 0.39 0.38 0.39 0.37 0.37 0.39 0.46 0.46 0.37 0.37 0.37 0.38 0.34 0.37 0.41 0.32 0.36 0.37 0.38 0.34 0.32 0.4 0.36 0.31 0.33 0.27 0.43 0.43 0.4 0.44 0.51 0.52 0.47 0.36 0.43 0.4 0.35 0.47 0.37 0.36 0.41 0.51 0.57 0.52 0.66 0.54 0.65 0.54 0.66 0.66 0.54 0.66 0.65 0.65 0.64 0.77 0.79 0.85 0.56 0.6 0.66 0.56 0.65
-9999 -9999 -9999 -9999 -9999 -9999 0.55 0.52 0.59 0.41 0.53 0.59 0.8 0.83 0.83 0.79 0.52 0.46 0.46 0.59 0.51 0.46 0.46 0.46 0.32 0.26 0.34 0.37 0.41 0.33 0.32 0.36 0.4 0.3 0.35 0.27 0.34 0.36 0.38 0.34 0.3 0.3 0.28 0.29 0.36 0.3 0.28 0.24 0.33 0.35 0.38 0.44 0.51 0.36 0.33 0.42 0.46 0.4 0.35 0.3 0.47 0.38 0.4 0.48 0.48 0.43 0.61 0.66 0.56 0.66 0.66 0.65 0.62 0.66 0.48 0.73 0.68 0.77 0.75 0.73 0.56 0.66 0.54 0.57 0.49
-9999 -9999 -9999 -9999 -9999 -9999 0.46 0.64 0.66 0.66 0.66 0.63 0.67 0.71 0.63 0.59 0.47 0.53 0.57 0.66 0.64 0.64 0.46 0.39 0.36 0.22 0.3 0.4 0.33 0.31 0.31 0.33 0.35 0.37 0.4 0.35 0.34 0.3 0.38 0.3 0.36 0.26 0.27 0.4 0.34 0.35 0.26 0.28 0.34 0.36 0.35 0.35 0.31 0.29 0.34 0.44 0.5 0.43 0.31 0.29 0.36 0.52 0.46 0.46 0.44 0.46 0.55 0.55 0.48 0.54 0.53 0.54 0.48 0.48 0.55 0.54 0.64 0.61 0.73 0.65 0.56 0.56 0.52 0.46 0.4
-9999 -9999 -9999 -9999 -9999 -9999 0.56 0.55 0.46 0.64 0.66 0.59 0.59 0.66 0.59 0.5 0.38 0.64 0.53 0.53 0.46 0.5 0.38 0.46 0.33 0.28 0.32 0.31 0.25 0.25 0.24 0.28 0.38 0.34 0.34 0.37 0.37 0.38 0.3 0.36 0.31 0.26 0.28 0.31 0.4 0.29 0.27 0.31 0.36 0.34 0.37 0.45 0.29 0.31 0.35 0.37 0.44 0.37 0.3 0.38 0.52 0.47 0.5 0.5 0.58 0.59 0.57 0.61 0.54 0.54 0.57 0.53 0.53 0.48 0.48 0.48 0.66 0.51 0.54 0.54 0.51 0.52 0.52 0.4 0.4
-9999 -9999 -9999 -9999 -9999 0.53 0.53 0.55 0.46 0.5 0.64 0.59 0.5 0.63 0.57 0.56 0.56 0.66 0.46 0.51 0.39 0.39 0.37 0.31 0.27 0.3 0.27 0.28 0.28 0.29 0.3 0.36 0.32 0.29 0.32 0.37 0.34 0.4 0.32 0.3 0.29 0.29 0.26 0.28 0.28 0.36 0.32 0.4 0.38 0.4 0.36 0.35 0.3 0.3 0.35 0.4 0.36 0.33 0.31 0.31 0.45 0.51 0.52 0.49 0.55 0.53 0.48 0.48 0.54 0.48 0.55 0.48 0.46 0.44 0.49 0.48 0.52 0.4 0.4 0.49 0.4 0.47 0.44 0.38 0.4
-9999 -9999 -9999 -9999 0.38 0.39 0.54 0.53 0.46 0.46 0.55 0.52 0.61 0.67 0.67 0.65 0.66 0.53 0.46 0.34 0.41 0.32 0.33 0.33 0.27 0.32 0.16 0.19 0.25 0.27 0.31 0.3 0.29 0.29 0.36 0.38 0.36 0.35 0.26 0.28 0.29 0.31 0.33 0.33 0.27 0.3 0.3 0.34 0.39 0.36 0.34 0.36 0.29 0.29 0.3 0.45 0.45 0.31 0.31 0.3 0.35 0.38 0.51 0.46 0.47 0.53 0.55 0.44 0.47 0.44 0.45 0.45 0.38 0.41 0.4 0.4 0.47 0.44 0.38 0.62 0.47 0.56 0.6 0.65 0.39
-9999 -9999 -9999 -9999 0.34 0.39 0.44 0.49 0.46 0.66 0.66 0.63 0.59 0.57 0.52 0.66 0.57 0.66 0.53 0.39 0.39 0.34 0.36 0.34 0.33 0.28 0.11 0.12 0.2 0.23 0.24 0.29 0.3 0.33 0.4 0.36 0.4 0.28 0.25 0.26 0.29 0.26 0.26 0.27 0.35 0.31 0.38 0.36 0.36 0.35 0.31 0.26 0.28 0.26 0.24 0.36 0.34 0.35 0.35 0.31 0.31 0.4 0.4 0.4 0.45 0.48 0.43 0.46 0.65 0.4 0.38 0.4 0.4 0.35 0.45 0.5 0.52 0.38 0.35 0.47 0.47 0.55 0.62 0.54 0.34
-9999 -9999 0.39 0.45 0.39 0.37 0.46 0.46 0.53 0.59 0.61 0.52 0.57 0.55 0.68 0.59 0.53 0.44 0.53 0.43 0.32 0.33 0.32 0.35 0.28 0.33 0.23 0.25 0.29 0.32 0.32 0.32 0.36 0.3 0.37 0.49 0.38 0.33 0.36 0.3 0.53 0.51 0.34 0.27 0.29 0.33 0.38 0.37 0.4 0.35 0.27 0.26 0.26 0.25 0.22 0.34 0.34 0.35 0.38 0.3 0.31 0.4 0.41 0.34 0.4 0.42 0.38 0.38 0.56 0.49 0.4 0.38 0.43 0.45 0.25 0.4 0.4 0.34 0.35 0.43 0.39 0.45 0.43 0.51 0.56
-9999 0.38 0.37 0.41 0.38 0.39 0.41 0.39 0.49 0.53 0.53 0.55 0.54 0.56 0.57 0.53 0.49 0.38 0.53 0.44 0.37 0.33 0.39 0.3 0.33 0.29 0.28 0.3 0.32 0.41 0.38 0.35 0.39 0.44 0.41 0.49 0.37 0.4 0.39 0.3 0.34 0.38 0.4 0.38 0.35 0.37 0.45 0.4 0.31 0.35 0.28 0.34 0.35 0.43 0.43 0.37 0.28 0.31 0.38 0.34 0.35 0.31 0.28 0.36 0.48 0.31 0.25 0.4 0.4 0.43 0.38 0.45 0.4 0.4 0.3 0.4 0.38 0.38 0.4 0.4 0.45 0.34 0.48 0.39 0.52
-9999 0.42 0.37 0.37 0.37 0.41 0.64 0.66 0.59 0.57 0.52 0.59 0.59 0.51 0.55 0.53 0.46 0.49 0.44 0.53 0.38 0.34 0.34 0.38 0.39 0.28 0.39 0.4 0.41 0.4 0.49 0.4 0.38 0.41 0.41 0.37 0.37 0.39 0.34 0.33 0.33 0.36 0.43 0.35 0.38 0.54 0.41 0.4 0.38 0.32 0.32 0.32 0.36 0.39 0.45 0.4 0.4 0.45 0.38 0.37 0.39 0.32 0.32 0.34 0.38 0.34 0.31 0.45 0.4 0.38 0.49 0.38 0.4 0.5 0.36 0.35 0.45 0.34 0.37 0.4 0.34 0.35 0.43 0.28 0.45
-9999 0.37 0.38 0.42 0.44 0.51 0.47 0.52 0.63 0.63 0.81 0.6 0.7 0.37 0.44 0.53 0.47 0.39 0.38 0.37 0.36 0.34 0.32 0.41 0.36 0.4 0.37 0.39 0.41 0.38 0.51 0.41 0.51 0.4 0.39 0.37 0.45 0.39 0.36 0.34 0.38 0.34 0.4 0.35 0.44 0.48 0.48 0.37 0.28 0.33 0.28 0.37 0.33 0.36 0.41 0.38 0.37 0.39 0.38 -9999 -9999 -9999 -9999 -9999 -9999 -9999 -9999 -9999 -9999 -9999 -9999 -9999 -9999 -9999 -9999 -9999 -9999 -9999 -9999 -9999 -9999 -9999 -9999 -9999 -9999
-9999 0.36 0.29 0.35 0.5 0.43 0.38 0.55 0.54 0.59 0.63 0.59 0.5 0.5 0.53 0.53 0.45 0.47 0.4 0.32 0.38 0.4 0.35 0.36 0.34 0.38 0.41 0.41 0.39 0.41 0.44 0.55 0.5 0.51 0.51 0.41 0.34 0.3 0.39 0.34 0.4 0.31 0.4 0.35 0.39 0.53 0.43 0.36 0.36 0.29 0.37 0.37 0.34 0.35 0.48 0.43 0.33 0.35 0.4 -9999 -9999 -9999 -9999 -9999 -9999 -9999 -9999 -9999 -9999 -9999 -9999 -9999 -9999 -9999 -9999 -9999 -9999 -9999 -9999 -9999 -9999 -9999 -9999 -9999 -9999
-9999 -9999 0.39 0.37 0.42 0.4 0.49 0.45 0.55 0.66 0.57 0.64 0.49 0.46 0.46 0.46 0.48 0.39 0.38 0.38 0.3 0.42 0.31 0.33 0.43 0.41 0.44 0.41 0.51 0.46 0.44 0.5 0.5 0.46 0.44 0.44 0.39 0.41 0.44 0.38 0.41 0.41 0.42 0.35 0.35 0.5 0.4 0.41 0.39 0.25 0.31 0.38 0.4 0.38 0.45 0.45 0.38 0.4 -9999 -9999 -9999 -9999 -9999 -9999 -9999 -9999 -9999 -9999 -9999 -9999 -9999 -9999 -9999 -9999 -9999 -9999 -9999 -9999 -9999 -9999 -9999 -9999 -9999 -9999 -9999
-9999 -9999 0.3 0.35 0.37 0.32 0.4 0.39 0.49 0.49 0.61 0.55 0.43 0.48 0.59 0.49 0.49 0.41 0.37 0.39 0.29 0.31 0.33 0.42 0.49 0.49 0.44 0.46 0.56 0.53 0.46 0.51 0.55 0.51 0.44 0.44 0.45 0.51 0.39 0.34 0.4 0.47 0.46 0.42 0.46 0.53 0.42 0.51 0.42 0.27 0.37 0.38 0.42 0.44 0.48 0.5 0.5 0.48 -9999 -9999 -9999 -9999 -9999 -9999 -9999 -9999 -9999 -9999 -9999 -9999 -9999 -9999 -9999 -9999 -9999 -9999 -9999 -9999 -9999 -9999 -9999 -9999 -9999 -9999 -9999
-9999 -9999 0.3 0.32 0.38 0.39 0.38 0.4 0.46 0.49 0.45 0.45 0.42 0.33 0.58 0.54 0.43 0.39 0.42 0.37 0.3 0.32 0.38 0.4 0.46 0.41 0.41 0.53 0.62 0.6 0.56 0.55 0.5 0.46 0.46 0.47 0.37 0.51 0.39 0.37 0.53 0.6 0.5 0.46 0.47 0.5 0.7 0.65 0.59 0.45 0.53 0.4 0.48 0.44 0.48 0.49 0.59 0.5 -9999 -9999 -9999 -9999 -9999 -9999 -9999 -9999 -9999 -9999 -9999 -9999 -9999 -9999 -9999 -9999 -9999 -9999 -9999 -9999 -9999 -9999 -9999 -9999 -9999 -9999 -9999
-9999 0.28 0.24 0.3 0.32 0.29 0.38 0.5 0.46 0.55 0.48 0.6 0.4 0.33 0.38 0.42 0.3 0.34 0.27 0.27 0.33 0.4 0.5 0.48 0.49 0.46 0.51 0.46 0.62 0.53 0.45 0.47 0.56 0.5 0.5 0.51 0.37 0.38 0.41 0.45 0.5 0.45 0.41 0.45 0.44 0.49 0.6 0.49 0.49 0.46 0.42 0.47 0.46 0.46 0.47 0.47 0.6 -9999 -9999 -9999 -9999 -9999 -9999 -9999 -9999 -9999 -9999 -9999 -9999 -9999 -9999 -9999 -9999 -9999 -9999 -9999 -9999 -9999 -9999 -9999 -9999 -9999 -9999 -9999 -9999
-9999 0.26 0.22 0.22 0.3 0.33 0.35 0.33 0.42 0.52 0.42 0.52 0.42 0.41 0.38 0.34 0.35 0.3 0.3 0.33 0.37 0.4 0.43 0.43 0.47 0.45 0.52 0.54 0.55 0.46 0.57 0.47 0.53 0.49 0.54 0.4 0.37 0.42 0.5 0.51 0.55 0.53 0.44 0.45 0.5 0.59 0.5 0.59 0.59 0.59 0.59 0.64 0.76 0.59 0.67 0.61 0.5 -9999 -9999 -9999 -9999 -9999 -9999 -9999 -9999 -9999 -9999 -9999 -9999 -9999 -9999 -9999 -9999 -9999 -9999 -9999 -9999 -9999 -9999 -9999 -9999 -9999 -9999 -9999 -9999
-9999 0.26 0.25 0.22 0.24 0.24 0.32 0.31 0.33 0.31 0.32 0.35 0.36 0.35 0.43 0.3 0.25 0.3 0.36 0.39 0.35 0.36 0.51 0.51 0.43 0.55 0.49 0.52 0.54 0.6 0.55 0.55 0.62 0.45 0.48 0.44 0.52 0.5 0.48 0.49 0.46 0.49 0.47 0.5 0.62 0.72 0.78 0.63 0.7 0.6 0.59 0.67 0.76 0.77 0.71 0.51 -9999 -9999 -9999 -9999 -9999 -9999 -9999 -9999 -9999 -9999 -9999 -9999 -9999 -9999 -9999 -9999 -9999 -9999 -9999 -9999 -9999 -9999 -9999 -9999 -9999 -9999 -9999 -9999 -9999
-9999 0.22 0.24 0.21 0.22 0.3 0.34 0.31 0.31 0.29 0.36 0.38 0.32 0.31 0.35 0.31 0.31 0.33 0.43 0.35 0.4 0.34 0.41 0.37 0.41 0.45 0.56 0.66 0.62 0.53 0.53 0.56 0.7 0.57 0.67 0.59 0.67 0.57 0.55 0.6 0.44 0.46 0.46 0.64 0.72 0.63 0.7 0.71 0.76 0.7 0.67 0.72 0.7 0.76 0.72 0.56 0.5 -9999 -9999 -9999 -9999 -9999 -9999 -9999 -9999 -9999 -9999 -9999 -9999 -9999 -9999 -9999 -9999 -9999 -9999 -9999 -9999 -9999 -9999 -9999 -9999 -9999 -9999 -9999 -9999
-9999 0.2 0.25 0.25 0.27 0.33 0.33 0.29 0.34 0.29 0.36 0.37 0.27 0.32 0.34 0.29 0.31 0.34 0.38 0.39 0.43 0.4 0.51 0.42 0.43 0.59 0.57 0.66 0.61 0.56 0.56 0.49 0.55 0.63 0.66 0.62 0.8 0.59 0.45 0.55 0.64 0.72 0.72 0.71 0.63 0.57 0.72 0.78 0.78 0.71 0.59 0.61 0.72 0.72 0.81 0.5 0.72 -9999 -9999 -9999 -9999 -9999 -9999 -9999 -9999 -9999 -9999 -9999 -9999 -9999 -9999 -9999 -9999 -9999 -9999 -9999 -9999 -9999 -9999 -9999 -9999 -9999 -9999 -9999 -9999
-9999 0.28 0.29 0.25 0.28 0.29 0.38 0.38 0.34 0.29 0.29 0.36 0.32 0.31 0.35 0.32 0.31 0.38 0.37 0.42 0.4 0.43 0.48 0.42 0.44 0.61 0.66 0.56 0.55 0.69 0.69 0.56 0.55 0.59 0.59 0.62 0.68 0.74 0.53 0.61 0.81 0.7 0.7 0.7 0.72 0.67 0.66 0.74 0.72 0.72 0.5 0.72 0.78 0.78 0.81 0.53 0.59 -9999 -9999 -9999 -9999 -9999 -9999 -9999 -9999 -9999 -9999 -9999 -9999 -9999 -9999 -9999 -9999 -9999 -9999 -9999 -9999 -9999 -9999 -9999 -9999 -9999 -9999 -9999 -9999
0.22 0.25 0.29 0.23 0.28 0.33 0.35 0.38 0.37 0.29 0.29 0.36 0.32 0.32 0.35 0.32 0.31 0.38 0.41 0.42 0.4 0.43 0.48 0.42 0.44 0.61 0.66 0.56 0.55 0.69 0.69 0.56 0.45 0.54 0.59 0.62 0.68 0.74 0.53 0.61 0.81 0.7 0.7 0.7 0.72 0.67 0.66 0.74 0.72 0.72 0.5 0.72 0.78 0.78 0.81 0.5 0.59 0.27 -9999 -9999 -9999 -9999 -9999 -9999 -9999 -9999 -9999 -9999 -9999 -9999 -9999 -9999 -9999 -9999 -9999 -9999 -9999 -9999 -9999 -9999 -9999 -9999 -9999 -9999 -9999
0.22 0.26 0.32 0.27 0.3 0.31 0.35 0.35 0.39 0.29 0.39 0.31 0.3 0.29 0.37 0.29 0.31 0.42 0.38 0.37 0.37 0.4 0.42 0.48 0.49 0.66 0.53 0.45 0.72 0.74 0.64 0.56 0.61 0.67 0.61 0.62 0.65 0.65 0.57 0.69 0.74 0.63 0.67 0.8 0.66 0.71 0.83 0.63 0.7 0.7 0.81 0.65 0.78 0.64 0.59 0.44 0.5 0.59 0.24 0.23 -9999 -9999 -9999 -9999 -9999 -9999 -9999 -9999 -9999 -9999 -9999 -9999 -9999 -9999 -9999 -9999 -9999 -9999 -9999 -9999 -9999 -9999 -9999 -9999 -9999
-9999 0.24 0.26 0.32 0.3 0.32 0.29 0.35 0.31 0.29 0.27 0.31 0.32 0.39 0.38 0.29 0.42 0.35 0.37 0.42 0.38 0.38 0.38 0.51 0.48 0.61 0.59 0.45 0.53 0.61 0.79 0.66 0.75 0.45 0.45 0.73 0.6 0.67 0.62 0.63 0.85 0.82 0.7 0.78 0.83 0.75 0.88 0.88 0.9 0.82 0.65 0.65 0.72 0.61 0.62 0.49 0.61 0.72 0.46 -9999 -9999 -9999 -9999 -9999 -9999 -9999 -9999 -9999 -9999 -9999 -9999 -9999 -9999 -9999 -9999 -9999 -9999 -9999 -9999 -9999 -9999 -9999 -9999 -9999 -9999
-9999 -9999 0.24 0.27 0.3 0.3 0.32 0.38 0.36 0.36 0.39 0.36 0.27 0.33 0.33 0.36 0.36 0.36 0.4 0.5 0.42 0.36 0.42 0.43 0.49 0.57 0.57 0.62 0.69 0.8 0.69 0.65 0.69 0.61 0.64 0.69 0.61 0.69 0.76 0.83 0.84 0.95 0.85 0.7 0.76 0.88 0.88 0.82 0.8 0.8 0.7 0.5 0.65 0.64 0.67 0.59 0.59 0.46 -9999 -9999 -9999 -9999 -9999 -9999 -9999 -9999 -9999 -9999 -9999 -9999 -9999 -9999 -9999 -9999 -9999 -9999 -9999 -9999 -9999 -9999 -9999 -9999 -9999 -9999 -9999
-9999 -9999 -9999 -9999 -9999 -9999 -9999 -9999 -9999 0.33 0.32 0.39 0.33 0.3 0.37 0.29 0.39 0.39 0.37 0.38 0.42 0.36 0.42 0.42 0.48 0.45 0.61 0.65 0.75 0.75 0.75 0.62 0.74 0.66 0.79 0.87 0.8 0.85 0.85 0.82 0.77 0.75 0.83 0.75 0.88 0.82 0.84 0.83 0.71 0.7 0.55 0.5 0.72 0.67 0.69 0.59 0.53 0.5 0.46 -9999 -9999 -9999 -9999 -9999 -9999 -9999 -9999 -9999 -9999 -9999 -9999 -9999 -9999 -9999 -9999 -9999 -9999 -9999 -9999 -9999 -9999 -9999 -9999 -9999 -9999
-9999 -9999 -9999 -9999 -9999 -9999 -9999 -9999 -9999 0.33 0.34 0.33 0.37 0.27 0.33 0.33 0.36 0.42 0.36 0.35 0.36 0.37 0.38 0.54 0.43 0.61 0.61 0.72 0.69 0.72 0.65 0.55 0.65 0.62 0.77 0.77 0.7 0.77 0.76 0.77 0.76 0.75 0.71 0.7 0.66 0.88 0.83 0.83 0.71 0.61 0.64 0.54 0.5 0.72 0.59 0.59 0.46 0.59 0.5 0.3 -9999 -9999 -9999 -9999 -9999 -9999 -9999 -9999 -9999 -9999 -9999 -9999 -9999 -9999 -9999 -9999 -9999 -9999 -9999 -9999 -9999 -9999 -9999 -9999 -9999
-9999 -9999 -9999 -9999 -9999 -9999 -9999 -9999 -9999 0.33 0.33 0.32 0.27 0.24 0.25 0.29 0.35 0.42 0.5 0.38 0.42 0.4 0.51 0.37 0.5 0.59 0.72 0.74 0.75 0.69 0.75 0.75 0.72 0.79 0.85 0.68 0.77 0.89 0.71 0.88 0.77 0.89 0.88 0.76 0.75 1.05 0.88 0.89 0.82 0.63 0.72 0.63 0.81 0.5 0.54 0.5 0.65 0.6 0.59 0.44 -9999 -9999 -9999 -9999 -9999 -9999 -9999 -9999 -9999 -9999 -9999 -9999 -9999 -9999 -9999 -9999 -9999 -9999 -9999 -9999 -9999 -9999 -9999 -9999 -9999
-9999 -9999 -9999 -9999 -9999 -9999 -9999 -9999 -9999 -9999 0.31 0.29 0.27 0.31 0.31 0.33 0.36 0.4 0.4 0.41 0.43 0.41 0.49 0.52 0.42 0.57 0.64 0.79 0.69 0.69 0.72 0.7 0.82 0.82 0.83 0.83 0.85 0.77 0.84 0.9 0.82 0.73 0.84 0.84 0.82 0.95 1 0.77 0.66 0.76 0.67 0.81 0.8 0.55 0.59 0.64 0.65 0.65 0.49 0.42 -9999 -9999 -9999 -9999 -9999 -9999 -9999 -9999 -9999 -9999 -9999 -9999 -9999 -9999 -9999 -9999 -9999 -9999 -9999 -9999 -9999 -9999 -9999 -9999 -9999
-9999 -9999 -9999 -9999 -9999 -9999 -9999 -9999 -9999 -9999 0.3 0.28 0.27 0.24 0.24 0.33 0.38 0.36 0.4 0.5 0.41 0.48 0.67 0.65 0.55 0.57 0.8 0.8 0.7 0.72 0.8 0.77 0.91 0.77 0.85 1.09 1.15 1.15 0.89 0.89 1.15 1.05 1.2 1 0.89 0.66 0.66 0.82 0.88 0.66 0.83 0.7 0.71 0.71 0.83 0.65 0.66 0.78 0.47 0.34 -9999 -9999 -9999 -9999 -9999 -9999 -9999 -9999 -9999 -9999 -9999 -9999 -9999 -9999 -9999 -9999 -9999 -9999 -9999 -9999 -9999 -9999 -9999 -9999 -9999
