input/bfa/bfa_travel.asc
ncols         173
nrows         126
xllcorner     224227.65281
yllcorner     1039207.04677
cellsize      5000
NODATA_value  -9999
[rows 68 to 101 of 126, columns 75 to 149 of 173]
174.92 169.36 125.12 153.28 129.16 91.84 88.32 83.04 75.44 60.72 56.52 40.2 45.6 63.96 71.8 59.12 48.52 31.72 39.44 68.8 74.76 126.96 213.12 233.12 185.12 151.04 149.64 154.44 107.88 105.2 105.32 95.92 83.64 83.48 130.64 96.48 50.48 26.2 35.4 41.36 43.04 64 90.36 84.76 71.76 70.96 88.24 111 138.6 77.64 76.52 86.24 34.68 47.6 20.04 39.72 50.56 40.76 46.16 98.52 151.84 173.52 160.2 95.08 74.76 125.76 175.4 242.44 281.96 295.2 293.96 290.72 281.16 283.04 242.4
204.16 237.72 222.8 233.4 190.4 130.04 135.48 109.64 91.84 99.92 69.32 40.16 34.24 62.88 85.84 62.76 58.8 33.68 50.92 70.08 121.72 133.84 155.68 211.44 166.44 108 151.8 187.04 146.44 115.76 135.52 121.96 110.92 77.48 59 43.4 29.64 18 35.04 38.28 81 88.84 70.92 80.56 92.4 82 130.2 172.16 155.48 156.84 149.52 94.68 46.72 82.08 19.52 41.76 61.08 50.56 92.48 165.6 218.64 250.48 208.44 161.64 127.76 104.72 138.24 221.4 301.84 365.88 372.96 373.72 362.84 341 265.88
152.28 216.04 243.32 249.28 206.88 146 172.64 122.48 105 94.92 75.4 35.8 50.44 77.16 79.48 57.96 47.8 45 54.24 70.04 95.08 90.16 102.52 178.64 146.92 90.64 124.04 98.84 139.92 169.8 144.4 87.44 63.08 47.36 59.92 33.52 45.88 22.36 36.8 63.96 96.84 59.8 106.8 120.12 115.88 91.44 123.08 213.96 200 208.6 163.72 86.16 48.92 69.8 23.24 50.68 47.84 66.96 133.16 230.76 290.52 310.28 276.24 245.52 198.04 160.72 167.76 226.68 294.4 365.48 423.28 446 422.76 372.88 320.96
98.28 133.52 163.16 185.2 206.56 146.88 176.32 167.04 137.08 124.64 75.48 51.76 48.4 78.88 94.36 80.24 74.16 45.16 41.24 60.04 64.88 76 87.96 143.44 117.76 67.4 84.8 68.08 74 94.8 66.96 30.52 55.28 33.56 26.52 30.28 21.64 14.24 17.56 44.32 44.28 69.2 107.8 84.88 99.4 123.56 114.72 196.4 171.2 164.4 103.72 67.8 91.6 60.28 32.2 30.44 46.44 79.24 155.84 256.28 343.28 365.16 331.56 287.32 244.68 191.44 193.52 260.08 325.88 388 449.28 498.44 464.04 420.44 385.8
65.16 64.6 81.04 107.48 146 134.84 126.96 171.2 144.68 102.28 85.6 48.52 99.6 158.88 152.68 100.48 69.76 59.76 40.2 57.32 70.6 70.44 65.92 108.32 72.36 48.52 47.84 45.24 31.4 25.76 17.76 16.36 15.24 4.8 10.52 23.12 9.24 2.48 14.84 32.76 61.52 69.04 73.2 111.12 174.28 186.2 123.84 169.12 171.2 108.96 81.72 126.92 172.88 119.2 46.72 24.2 67.44 75.2 150.28 248.12 323.6 378.12 385.72 337.56 279.16 243.2 245.4 282.28 343.44 406.92 466.48 493.48 484.36 453.24 408.6
63.04 66.68 78.48 92.56 101.24 100.88 105.6 128.72 106.56 71.08 48.36 58.48 107.64 168.84 173.8 106.64 77.68 64.64 45.84 50.24 66.84 52.8 44.6 46.08 41 35.44 55.92 43.6 25.12 23.12 28.28 30.16 16.76 19.68 19.24 60.76 25.4 7.64 21.32 32.6 38.48 49.76 75.28 147.36 222.24 237.04 154.04 149.16 163.24 97.28 115.36 193.28 230.4 152.12 64.6 42.84 36.6 63.44 151.12 218.88 283.08 342.92 403.16 368.72 324.28 306.52 304.84 331.4 384.92 423.16 423.04 422.12 424.12 406.36 377.24
59 71.12 84.76 95.72 92.08 86.56 108.36 81.04 121.48 104.16 50.88 86.44 103 139.6 169.16 120.8 83.52 88.04 57.76 59.56 52.68 50.6 62.44 47 49.2 57.88 105.04 91.52 81.96 53.84 46.32 47.2 34.36 36.56 44.2 30.48 32 28.36 54.4 89.4 74.4 63.48 63.88 102 172.88 232.6 171.2 124.36 116.92 117.6 130.24 215.96 250.48 161.64 95.76 84 37.2 64.44 133.2 191.04 259.4 318.16 384.08 411.76 387.48 380.16 376.84 393.92 404.36 383.08 360.84 359.76 365.44 346.6 315.08
82.36 87.92 91.88 102.36 91.12 81.24 80.16 73.76 103.6 88.44 66.4 120.68 146.92 153.56 182.92 172.88 139.88 134.52 70 61.36 65.96 58.6 54.36 59.76 72.48 71.6 130.44 171.76 117.6 107.32 68 70.12 78.24 72.96 47.24 46.44 55.56 28.44 69.72 149.32 169.56 153.4 116.48 80.6 119.6 196.16 204.36 170.04 121.84 149.16 152.68 197.6 266.84 219.48 172.52 112.92 65.8 47 110.2 170.84 243.12 304.04 371.2 427.72 449.32 442.76 430.96 406.36 360.56 326.08 297.48 297.68 292.48 278.72 242.12
132.72 111.8 112.76 142.76 126 102 63 59.56 69.92 61.2 118.08 175.72 216.04 219.64 207.4 210.56 188.96 123.72 64.6 64.92 74.92 86.72 60.6 64.04 84.2 84.84 96.04 143.2 155.04 98.6 81.24 86.52 146.32 159.92 137.92 102.68 53.52 33 78.32 168.4 256 239.84 174.24 110.68 90.52 128.16 184.12 190.12 125.52 143.48 202.8 197.52 243.76 291.72 248.12 191.68 94.84 46.2 107.96 165.92 238.08 294.56 364 421.08 483.4 479.64 424.48 369.6 311.28 267.2 230.16 235.16 228.28 211.68 189.28
91.8 81.36 101.44 97.08 79.44 72.44 61.56 50 52.76 93 175.52 216.64 269.04 273.96 255.36 212.92 165.68 112.08 103.28 62.64 73.6 89.84 78.16 73.6 72.52 77.68 99.2 123.28 145.12 129.28 109.64 104.56 177.84 185.12 144.48 86.16 30.8 24.04 91.04 171.88 271.8 249.64 170.52 109.6 99.48 112.72 137.6 167.52 121.64 174.52 255.68 272.6 245.04 293.08 299.84 213.64 109.68 47.16 99.24 159.44 226.08 286.68 354.28 414.64 467.56 440.96 393.76 339.52 280.84 222.36 174.48 160.8 165.2 143.44 130.28
68.88 105.96 146.88 148 130.92 103.2 57.4 42.92 75.84 129.48 224.08 294.36 333.48 342.6 296 240.24 181.92 161.6 151.68 76.6 101.36 140 96.32 137.44 102.04 74.48 119.36 164.96 199.16 169.64 142.64 154.52 159.2 123.12 82.48 48.48 53.16 41.8 53.24 136.48 238.84 256.36 180.16 149.96 113.44 143.8 112.08 113.44 115.88 169.08 264.8 335.76 296.76 262.96 270.76 219.72 120.44 51.52 95.76 149.8 214.04 272.92 337.48 398.04 424.12 400.16 354.6 309.2 245.6 174.76 109.36 83.08 113.44 78.48 66.72
72.4 149.8 232.28 221.68 137.32 71.8 59 47.88 80.24 129.76 224.8 287 323.4 345.64 308.68 273.76 222.56 169.48 134.08 89.52 100.32 164.16 172.92 209.8 176.28 116.52 83 118.96 164.52 136.08 126.52 184.92 133.8 92.04 60.16 64.84 89 58.08 50.8 134.48 235.2 276.8 219.64 160.28 126.28 150.36 110.88 94.52 141.12 143.28 238.8 329.6 319.6 247.12 206.96 191.76 119.12 59.48 66.96 125.6 186.44 246.88 310.24 362.76 363.68 333.12 303.16 261.52 218 170.04 104.68 63.2 65.36 60.96 81.72
92.84 165.4 228.52 192.4 102.04 69.28 41.88 59.48 78.2 109.76 168.52 201.28 229.6 256.84 227.76 230.12 232.8 176.36 129.08 92.56 81.76 134.64 192.48 236.96 239.76 183.64 121.72 81.64 88.76 88.36 118.36 139.12 116.72 89.76 67.6 64.48 67.08 45.16 53.12 137.12 237.04 244.6 161.24 119.72 124.2 112.16 111.32 87.28 143.88 146 218.56 311.16 357.16 298.84 210.32 162.68 141.84 89.04 48.96 98.68 160.8 222.48 273.16 307.24 312.08 276.56 249.88 223.4 174.44 129.52 86.92 47.2 56.28 98.6 121.84
85.52 132.6 177.8 138.64 60.36 49.64 55.6 83.32 115.08 111.56 100.64 106.2 154.92 174.08 138.72 141.2 182.8 207.84 168.16 108.92 74.2 107.72 153.04 211.56 255.48 229.4 151 101.64 124.56 92.44 107.88 113.24 106.04 94.04 82.96 79.76 72.52 46 55.96 140.68 234.72 231.56 158.16 94.56 100.36 91.44 102.72 81.8 130.12 172 187.96 262.44 304.4 318.28 244.12 172 120.52 93.44 52.76 78.08 135 194.2 220.36 250.4 258.52 222.28 187.96 151.92 116.8 76.24 44.12 77.32 111.48 112.12 147.2917
48.56 91.08 128.8 106 44.72 33.88 42 40.12 58.36 78.8 54.2 60.48 92.64 127.64 133.12 113.52 122.96 170.44 184.64 135.36 79.8 110.32 161.76 198.36 201.68 184.72 129.2 147.36 194.76 136.92 93.36 103.04 115.68 100.76 92.28 82.24 62.12 49.2 61.36 141.16 217.88 236.76 160.36 92.8 75.84 94.16 87.6 82.76 96.72 167.52 180.2 185.8 216.96 256.64 257.28 192.6 127.04 60.84 42.92 47.56 103.96 135.2 149.88 204.28 208.64 165.28 136.12 97 64.56 39.24 58.6 125.6 177.24 166.1 197
45.52 61.6 76.84 69.56 28.6 35.96 63.24 64.52 63.92 64.48 92.56 103.24 74.88 60.68 69.36 75.76 79.6 119.8 189.2 162.24 90.88 101.96 167.88 182 163.88 163.68 145.52 190.64 241.08 199.6 126.08 107.2 146.92 121.04 103.84 84 99.2 51.16 45.32 84.68 152.48 205.52 136.56 70.76 64.28 104.16 60.24 102.36 84.76 146.44 204.96 180.48 156.12 162.76 179.04 129.36 77.24 73.64 59.84 34.28 51 68 112.32 160 160.56 116 79.76 47.88 35.24 77.92 116.44 162.12 216.36 -9999 247.4286
48.4 78.96 45.28 22.16 32.48 82.72 114.84 72.76 104.52 143.32 137.44 113.68 100.24 74.52 71.52 79.56 71.8 82.64 152.72 147.36 100.48 96.52 161.44 155.16 128.16 136.24 170.8 223.24 247.04 187.84 145.56 102.28 133.4 157.52 146.08 107.96 128.56 83.24 54.04 45.32 104 149.72 107.92 50.08 63.04 70.32 48.24 111.64 82.6 85.88 139.08 141.24 123.04 127.48 114.04 93.68 92.24 123.4 71.44 61.44 36.08 27.48 54.12 90.04 92.16 54.84 29.48 42.12 73.44 108.16 -9999 -9999 -9999 -9999 -9999
19.8 47.28 31.88 29.68 67.44 78.4 106.28 85.16 114.88 162.88 129.16 106.96 104.64 112.56 119.36 111.2 94.16 71.12 85.48 105.96 97 103.56 114.56 112.48 99.04 117.44 163.52 192.8 211.52 163.56 118.28 99.4 110.52 120.2 127.52 133.36 119.8 86.16 58.52 57.04 51.16 62.76 79.08 36.28 48.2 40.44 29.28 56.84 63.84 54.96 65.6 72.88 83.44 93.36 110.48 88.28 77.56 85.52 79.6 73.92 43.44 51.12 26.72 26.52 30.32 26.88 51.44 86.44 125.24 154.8 151.88 -9999 -9999 -9999 -9999
19.08 14.28 21.6 51.52 94.4 125.52 137.2 99.96 120.12 141.68 129.88 115.64 117.08 126.84 125.16 111.84 101.56 86.64 98.28 81.24 79.76 84.2 106 126 105.92 153.52 168.96 156 195.08 181.28 150.96 110.72 104 127.36 166.12 146.92 104.88 86.2 71.08 81.91304 82.71429 40.59091 40.92 31.64 20.52 22.28 29.48 45.6 43.16 42.88 97.4 136.32 108.2 95.24 129.28 112.08 66.48 57.68 52.16 60.08 74.88 46.08 46.92 29.12 17.24 47.88 81.88 122.76 172.92 191.2632 -9999 -9999 -9999 -9999 -9999
8.64 30.24 47.44 34.92 59.8 96.12 130.04 102.56 111.76 126.72 135.04 129.96 132.56 139.56 137.36 129.36 118.24 103 111.96 103.76 88 97.16 108.52 135.68 109.08 125.24 131.64 154.76 183.92 162.52 128 114.08 120.24 112.44 147.52 137.4 110.92 94.86364 97.41666 73.21429 -9999 -9999 -9999 -9999 26 6.4375 9.545455 36.08 51.2 54.96 109.04 114.44 114.92 110.16 166.84 148.04 87.24 59.72 32.4 54.84 44.32 20.28 20.56 15.76 23.68 20.88 42.64 97.08 162.64 -9999 -9999 -9999 -9999 -9999 -9999
4.56 19.52 47.76 80.08 72.88 60.24 78.8 99.64 131.08 128.76 142.2 147.48 156.2 154.8 168.36 164.16 134.08 123 140.48 128.8 102.6 89.88 104.2 115.16 104.8 104.68 106.88 142 124.68 125.4 118.08 142.28 135.48 122.68 119.96 103.6 -9999 -9999 -9999 -9999 -9999 -9999 -9999 -9999 -9999 -9999 -9999 -9999 -9999 61.78571 67.46667 87.27778 103.76 126.56 189.44 188.72 138.52 86.68 28.64 28.68 27.48 3.36 12.72 51.36 39.68 42.32 26.4 -9999 158.4 200.4444 -9999 -9999 -9999 -9999 -9999
12.6 22.36 47 95.28 139 91.44 69.36 105.72 109.88 119.4 131.44 148.2 162.24 175.96 195.72 179.44 147.48 172.8 194.32 147.92 111.8 91 106.12 112.52 113.48 112.56 129.6 109.08 113.24 131.12 155.28 169.68 166.52 137.6 129.56 120.6818 -9999 -9999 -9999 -9999 -9999 -9999 -9999 -9999 -9999 -9999 -9999 -9999 -9999 -9999 -9999 -9999 -9999 -9999 156.1818 164.4706 129.8636 48.52 21.44 24.2 17.64 23.84 18.16 68.84 69.12 40.16 -9999 -9999 -9999 -9999 -9999 -9999 -9999 -9999 -9999
51.84 71.81818 93 106.0476 160.65 117.6 114.5 114.9524 117.2174 162.1538 172.9286 -9999 -9999 -9999 -9999 206.6429 172.3333 182.8 202.0667 147.8235 94.5 -9999 -9999 76.3 90.53333 88.52941 114.28 -9999 98.30769 110.8667 118 156.3044 191.12 152.4211 130.3333 -9999 -9999 -9999 -9999 -9999 -9999 -9999 -9999 -9999 -9999 -9999 -9999 -9999 -9999 -9999 -9999 -9999 -9999 -9999 -9999 -9999 78 24.13043 64.86957 -9999 -9999 -9999 -9999 -9999 -9999 -9999 -9999 -9999 -9999 -9999 -9999 -9999 -9999 -9999 -9999
-9999 -9999 -9999 -9999 -9999 -9999 -9999 -9999 -9999 -9999 -9999 -9999 -9999 -9999 -9999 -9999 -9999 -9999 -9999 -9999 -9999 -9999 -9999 -9999 -9999 -9999 -9999 -9999 -9999 -9999 -9999 113.25 156.5909 -9999 -9999 -9999 -9999 -9999 -9999 -9999 -9999 -9999 -9999 -9999 -9999 -9999 -9999 -9999 -9999 -9999 -9999 -9999 -9999 -9999 -9999 -9999 -9999 -9999 -9999 -9999 -9999 -9999 -9999 -9999 -9999 -9999 -9999 -9999 -9999 -9999 -9999 -9999 -9999 -9999 -9999
-9999 -9999 -9999 -9999 -9999 -9999 -9999 -9999 -9999 -9999 -9999 -9999 -9999 -9999 -9999 -9999 -9999 -9999 -9999 -9999 -9999 -9999 -9999 -9999 -9999 -9999 -9999 -9999 -9999 -9999 -9999 -9999 106.125 -9999 -9999 -9999 -9999 -9999 -9999 -9999 -9999 -9999 -9999 -9999 -9999 -9999 -9999 -9999 -9999 -9999 -9999 -9999 -9999 -9999 -9999 -9999 -9999 -9999 -9999 -9999 -9999 -9999 -9999 -9999 -9999 -9999 -9999 -9999 -9999 -9999 -9999 -9999 -9999 -9999 -9999
-9999 -9999 -9999 -9999 -9999 -9999 -9999 -9999 -9999 -9999 -9999 -9999 -9999 -9999 -9999 -9999 -9999 -9999 -9999 -9999 -9999 -9999 -9999 -9999 -9999 -9999 -9999 -9999 -9999 -9999 -9999 -9999 -9999 -9999 -9999 -9999 -9999 -9999 -9999 -9999 -9999 -9999 -9999 -9999 -9999 -9999 -9999 -9999 -9999 -9999 -9999 -9999 -9999 -9999 -9999 -9999 -9999 -9999 -9999 -9999 -9999 -9999 -9999 -9999 -9999 -9999 -9999 -9999 -9999 -9999 -9999 -9999 -9999 -9999 -9999
-9999 -9999 -9999 -9999 -9999 -9999 -9999 -9999 -9999 -9999 -9999 -9999 -9999 -9999 -9999 -9999 -9999 -9999 -9999 -9999 -9999 -9999 -9999 -9999 -9999 -9999 -9999 -9999 -9999 -9999 -9999 -9999 -9999 -9999 -9999 -9999 -9999 -9999 -9999 -9999 -9999 -9999 -9999 -9999 -9999 -9999 -9999 -9999 -9999 -9999 -9999 -9999 -9999 -9999 -9999 -9999 -9999 -9999 -9999 -9999 -9999 -9999 -9999 -9999 -9999 -9999 -9999 -9999 -9999 -9999 -9999 -9999 -9999 -9999 -9999
-9999 -9999 -9999 -9999 -9999 -9999 -9999 -9999 -9999 -9999 -9999 -9999 -9999 -9999 -9999 -9999 -9999 -9999 -9999 -9999 -9999 -9999 -9999 -9999 -9999 -9999 -9999 -9999 -9999 -9999 -9999 -9999 -9999 -9999 -9999 -9999 -9999 -9999 -9999 -9999 -9999 -9999 -9999 -9999 -9999 -9999 -9999 -9999 -9999 -9999 -9999 -9999 -9999 -9999 -9999 -9999 -9999 -9999 -9999 -9999 -9999 -9999 -9999 -9999 -9999 -9999 -9999 -9999 -9999 -9999 -9999 -9999 -9999 -9999 -9999
-9999 -9999 -9999 -9999 -9999 -9999 -9999 -9999 -9999 -9999 -9999 -9999 -9999 -9999 -9999 -9999 -9999 -9999 -9999 -9999 -9999 -9999 -9999 -9999 -9999 -9999 -9999 -9999 -9999 -9999 -9999 -9999 -9999 -9999 -9999 -9999 -9999 -9999 -9999 -9999 -9999 -9999 -9999 -9999 -9999 -9999 -9999 -9999 -9999 -9999 -9999 -9999 -9999 -9999 -9999 -9999 -9999 -9999 -9999 -9999 -9999 -9999 -9999 -9999 -9999 -9999 -9999 -9999 -9999 -9999 -9999 -9999 -9999 -9999 -9999
-9999 -9999 -9999 -9999 -9999 -9999 -9999 -9999 -9999 -9999 -9999 -9999 -9999 -9999 -9999 -9999 -9999 -9999 -9999 -9999 -9999 -9999 -9999 -9999 -9999 -9999 -9999 -9999 -9999 -9999 -9999 -9999 -9999 -9999 -9999 -9999 -9999 -9999 -9999 -9999 -9999 -9999 -9999 -9999 -9999 -9999 -9999 -9999 -9999 -9999 -9999 -9999 -9999 -9999 -9999 -9999 -9999 -9999 -9999 -9999 -9999 -9999 -9999 -9999 -9999 -9999 -9999 -9999 -9999 -9999 -9999 -9999 -9999 -9999 -9999
-9999 -9999 -9999 -9999 -9999 -9999 -9999 -9999 -9999 -9999 -9999 -9999 -9999 -9999 -9999 -9999 -9999 -9999 -9999 -9999 -9999 -9999 -9999 -9999 -9999 -9999 -9999 -9999 -9999 -9999 -9999 -9999 -9999 -9999 -9999 -9999 -9999 -9999 -9999 -9999 -9999 -9999 -9999 -9999 -9999 -9999 -9999 -9999 -9999 -9999 -9999 -9999 -9999 -9999 -9999 -9999 -9999 -9999 -9999 -9999 -9999 -9999 -9999 -9999 -9999 -9999 -9999 -9999 -9999 -9999 -9999 -9999 -9999 -9999 -9999
-9999 -9999 -9999 -9999 -9999 -9999 -9999 -9999 -9999 -9999 -9999 -9999 -9999 -9999 -9999 -9999 -9999 -9999 -9999 -9999 -9999 -9999 -9999 -9999 -9999 -9999 -9999 -9999 -9999 -9999 -9999 -9999 -9999 -9999 -9999 -9999 -9999 -9999 -9999 -9999 -9999 -9999 -9999 -9999 -9999 -9999 -9999 -9999 -9999 -9999 -9999 -9999 -9999 -9999 -9999 -9999 -9999 -9999 -9999 -9999 -9999 -9999 -9999 -9999 -9999 -9999 -9999 -9999 -9999 -9999 -9999 -9999 -9999 -9999 -9999
-9999 -9999 -9999 -9999 -9999 -9999 -9999 -9999 -9999 -9999 -9999 -9999 -9999 -9999 -9999 -9999 -9999 -9999 -9999 -9999 -9999 -9999 -9999 -9999 -9999 -9999 -9999 -9999 -9999 -9999 -9999 -9999 -9999 -9999 -9999 -9999 -9999 -9999 -9999 -9999 -9999 -9999 -9999 -9999 -9999 -9999 -9999 -9999 -9999 -9999 -9999 -9999 -9999 -9999 -9999 -9999 -9999 -9999 -9999 -9999 -9999 -9999 -9999 -9999 -9999 -9999 -9999 -9999 -9999 -9999 -9999 -9999 -9999 -9999 -9999
-9999 -9999 -9999 -9999 -9999 -9999 -9999 -9999 -9999 -9999 -9999 -9999 -9999 -9999 -9999 -9999 -9999 -9999 -9999 -9999 -9999 -9999 -9999 -9999 -9999 -9999 -9999 -9999 -9999 -9999 -9999 -9999 -9999 -9999 -9999 -9999 -9999 -9999 -9999 -9999 -9999 -9999 -9999 -9999 -9999 -9999 -9999 -9999 -9999 -9999 -9999 -9999 -9999 -9999 -9999 -9999 -9999 -9999 -9999 -9999 -9999 -9999 -9999 -9999 -9999 -9999 -9999 -9999 -9999 -9999 -9999 -9999 -9999 -9999 -9999
